1708188317824 0.6136842105263157 0
1708188319329 0.7177777777777776 0
1708188320153 0.6578947368421052 0
1708188322057 0.6147368421052631 0
1708188322516 0.6147368421052631 0
1708188323002 0.6147368421052631 0
1708188323500 0.6147368421052631 0
1708188325277 0.6263157894736843 0
1708188325746 0.6621052631578946 0
1708188326302 0.7210526315789474 0
1708188326823 0.7178947368421053 0
1708188327486 0.5526315789473685 0
1708188328610 0.7066666666666666 0
1708188329450 0.728421052631579 0
1708188330198 0.6 0
1708188330825 0.6263157894736843 0
1708188331485 0.6884210526315789 0
1708188332560 0.5700000000000001 0
1708188334041 0.6094736842105264 0
1708188334529 0.6094736842105264 0
1708188335011 0.6094736842105264 0
1708188335615 0.723157894736842 0
1708188336757 0.6557894736842105 0
1708188337640 0.6094736842105263 0
1708188338766 0.7288888888888889 0
1708188339691 0.6305263157894737 0
1708188340391 0.6147368421052631 0
1708188340942 0.6147368421052631 0
1708188342749 0.7347368421052632 0
1708188343273 0.7526315789473684 0
1708188343968 0.7347368421052631 0
1708188344499 0.7336842105263157 0
