1708188317841 0.609377174000991 0
1708188319338 0.5961410403251648 0
1708188320165 0.5805821912853342 0
1708188322072 0.6725713830245169 0
1708188322529 0.6618541918302837 0
1708188323011 0.6557384964666868 0
1708188323510 0.643333555052155 0
1708188325288 0.6126539377789748 0
1708188325756 0.5918578254549127 0
1708188326312 0.5723679944088584 0
1708188326835 0.5590097010135651 0
1708188327497 0.6383019434778314 0
1708188328620 0.6044838693406847 0
1708188329459 0.5903476586467341 0
1708188330212 0.638066341500043 0
1708188330837 0.6266602920858484 0
1708188331525 0.5780811200016424 0
1708188332572 0.6100704239474403 0
1708188334055 0.6749296502063149 0
1708188334543 0.6729150288983395 0
1708188335023 0.6707171044851604 0
1708188335625 0.6008296373643374 0
1708188336767 0.595659077167511 0
1708188337653 0.6679890955749311 0
1708188338777 0.5795820322301652 0
1708188339701 0.6049961306546864 0
1708188340404 0.6615962888065138 0
1708188340955 0.6465230584144592 0
1708188342761 0.5709052838777241 0
1708188343288 0.5553707511801469 0
1708188343979 0.5860151915173781 0
1708188344513 0.5675966394575018 0
