1708188317835 0.0 0
1708188319334 0.0 0
1708188320160 0.0 0
1708188322066 0.0 0
1708188322524 0.0 0
1708188323008 0.0 0
1708188323505 0.0 0
1708188325283 0.0 0
1708188325752 0.0 0
1708188326309 0.0 0
1708188326830 0.0 0
1708188327492 0.0 0
1708188328616 0.0 0
1708188329455 0.0 0
1708188330206 0.0 0
1708188330831 0.0 0
1708188331495 0.0 0
1708188332568 0.0 0
1708188334048 0.0 0
1708188334536 0.0 0
1708188335019 0.0 0
1708188335621 0.0 0
1708188336763 0.0 0
1708188337648 0.0 0
1708188338773 0.0 0
1708188339697 0.0 0
1708188340398 0.0 0
1708188340949 0.0 0
1708188342757 0.0 0
1708188343282 0.0 0
1708188343974 0.0 0
1708188344507 0.0 0
