1708188317815 0.609377174000991 0
1708188319326 0.5961410403251648 0
1708188320149 0.5805821912853342 0
1708188322052 0.6725713830245169 0
1708188322512 0.6618541918302837 0
1708188322999 0.6557384964666868 0
1708188323497 0.643333555052155 0
1708188325273 0.6126539377789748 0
1708188325742 0.5918578254549127 0
1708188326297 0.5723679944088584 0
1708188326819 0.5590097010135651 0
1708188327483 0.6383019434778314 0
1708188328607 0.6044838693406847 0
1708188329447 0.5903476586467341 0
1708188330195 0.638066341500043 0
1708188330821 0.6266602920858484 0
1708188331480 0.5780811200016424 0
1708188332556 0.6100704239474403 0
1708188334037 0.6749296502063149 0
1708188334525 0.6729150288983395 0
1708188335005 0.6707171044851604 0
1708188335612 0.6008296373643374 0
1708188336752 0.595659077167511 0
1708188337636 0.6679890955749311 0
1708188338763 0.5795820322301652 0
1708188339687 0.6049961306546864 0
1708188340387 0.6615962888065138 0
1708188340939 0.6465230584144592 0
1708188342745 0.5709052838777241 0
1708188343269 0.5553707511801469 0
1708188343965 0.5860151915173781 0
1708188344496 0.5675966394575018 0
