1708183935964 0.6136842105263157 0
1708183937298 0.7177777777777776 0
1708183938078 0.6578947368421052 0
1708183938721 0.5557894736842105 0
1708183939161 0.531578947368421 0
1708183939609 0.608421052631579 0
1708183940026 0.608421052631579 0
1708183940973 0.5957894736842105 0
1708183941422 0.6126315789473684 0
1708183941923 0.6126315789473684 0
1708183942544 0.5411111111111112 0
1708183942962 0.568888888888889 0
1708183943377 0.5877777777777778 0
1708183943785 0.5966666666666667 0
1708183944685 0.6147368421052631 0
1708183945139 0.6147368421052631 0
1708183945593 0.6147368421052631 0
1708183946058 0.6147368421052631 0
