1708183935975 0.6093771724324477 0
1708183937314 0.596141023768319 0
1708183938088 0.5805821905010625 0
1708183938729 0.7906255031886854 0
1708183939169 0.6591238813523791 0
1708183939618 0.6487080193075695 0
1708183940035 0.640099864587874 0
1708183940981 0.672200271957799 0
1708183941430 0.665325287141298 0
1708183941933 0.65601562826257 0
1708183942553 0.6870825522475772 0
1708183942971 0.679272151655621 0
1708183943385 0.6713917056719462 0
1708183943793 0.6433231002754636 0
1708183944697 0.6725713861616034 0
1708183945148 0.6618541886931971 0
1708183945604 0.6557384933296003 0
1708183946070 0.6433335668162296 0
