1708183935959 0.6093771724324477 0
1708183937298 0.596141023768319 0
1708183938075 0.5805821905010625 0
1708183938717 0.7906255031886854 0
1708183939158 0.6591238813523791 0
1708183939606 0.6487080193075695 0
1708183940023 0.640099864587874 0
1708183940970 0.672200271957799 0
1708183941419 0.665325287141298 0
1708183941920 0.65601562826257 0
1708183942541 0.6870825522475772 0
1708183942959 0.679272151655621 0
1708183943374 0.6713917056719462 0
1708183943782 0.6433231002754636 0
1708183944681 0.6725713861616034 0
1708183945136 0.6618541886931971 0
1708183945590 0.6557384933296003 0
1708183946054 0.6433335668162296 0
