1708182126302 0.6136842105263157 0
1708182127007 0.5894736842105264 0
1708182127456 0.6157894736842104 0
1708182127902 0.6210526315789474 0
1708182128407 0.6221052631578947 0
1708182128939 0.6242105263157895 0
1708182129512 0.5557894736842105 0
1708182129993 0.5568421052631579 0
1708182130474 0.56 0
1708182130994 0.5747368421052631 0
1708182131499 0.5926315789473683 0
1708182132083 0.6094736842105263 0
1708182132535 0.6315789473684209 0
1708182132994 0.6378947368421053 0
1708182133519 0.6336842105263158 0
1708182133990 0.6778947368421053 0
1708182134538 0.5684210526315789 0
1708182134990 0.6063157894736843 0
1708182135469 0.6073684210526317 0
1708182135959 0.616842105263158 0
1708182136451 0.6473684210526315 0
1708182137026 0.6642105263157895 0
1708182137483 0.7052631578947368 0
1708182137957 0.7210526315789473 0
1708182138471 0.7368421052631579 0
1708182138980 0.7399999999999999 0
1708182139530 0.6031578947368421 0
1708182140023 0.6126315789473684 0
1708182140470 0.6147368421052631 0
1708182140973 0.6526315789473686 0
1708182141453 0.7105263157894737 0
1708182142075 0.5922222222222223 0
1708182142516 0.6988888888888888 0
1708182142989 0.7088888888888889 0
1708182143489 0.71 0
1708182143970 0.7177777777777778 0
1708182144593 0.603157894736842 0
1708182145065 0.6378947368421053 0
1708182145513 0.6621052631578949 0
1708182146000 0.7147368421052631 0
1708182146522 0.7273684210526317 0
1708182147162 0.6136842105263158 0
1708182147674 0.6305263157894737 0
1708182148184 0.6673684210526316 0
1708182148725 0.7021052631578947 0
1708182149186 0.7063157894736842 0
1708182149738 0.44421052631578956 0
1708182150203 0.6052631578947368 0
1708182150814 0.6094736842105263 0
1708182151365 0.6126315789473684 0
1708182151888 0.6284210526315789 0
1708182152545 0.6147368421052631 0
1708182153131 0.6147368421052631 0
1708182153686 0.6147368421052631 0
1708182154179 0.6147368421052631 0
1708182154631 0.6147368421052631 0
1708182155209 0.52 0
1708182155686 0.5557894736842105 0
1708182156123 0.508421052631579 0
1708182156605 0.608421052631579 0
1708182157102 0.608421052631579 0
1708182157695 0.6010526315789474 0
1708182158154 0.6094736842105263 0
1708182158632 0.6210526315789473 0
1708182159106 0.6399999999999999 0
1708182159564 0.6494736842105263 0
1708182160223 0.6063157894736843 0
1708182160855 0.6063157894736843 0
1708182161391 0.6084210526315791 0
1708182161857 0.6084210526315791 0
1708182162360 0.6115789473684211 0
1708182162985 0.6557894736842106 0
1708182163551 0.7252631578947368 0
1708182164068 0.7410526315789474 0
1708182164680 0.7452631578947368 0
1708182165185 0.7515789473684211 0
1708182165740 0.5010526315789473 0
1708182166225 0.6126315789473684 0
1708182166718 0.6126315789473684 0
1708182167165 0.6126315789473684 0
1708182167682 0.6126315789473684 0
1708182168242 0.5477777777777778 0
1708182168695 0.5722222222222224 0
1708182169171 0.5755555555555556 0
1708182169643 0.57 0
1708182170083 0.5877777777777777 0
1708182170653 0.5842105263157894 0
1708182171206 0.5831578947368422 0
1708182171732 0.668421052631579 0
1708182172202 0.6842105263157894 0
1708182172764 0.731578947368421 0
1708182173350 0.5810526315789474 0
1708182173834 0.7021052631578947 0
1708182174277 0.711578947368421 0
1708182174748 0.7421052631578948 0
1708182175256 0.7494736842105263 0
1708182175879 0.603157894736842 0
1708182176353 0.6094736842105263 0
1708182176832 0.6094736842105263 0
1708182177314 0.6084210526315789 0
1708182177790 0.6094736842105263 0
1708182178365 0.608421052631579 0
1708182178815 0.6147368421052631 0
1708182179251 0.6147368421052631 0
1708182179791 0.6147368421052631 0
1708182180274 0.6147368421052631 0
1708182180918 0.5557894736842105 0
1708182181423 0.6063157894736843 0
1708182181927 0.6042105263157895 0
1708182182429 0.6210526315789474 0
1708182182878 0.6778947368421052 0
1708182183489 0.5989473684210526 0
1708182183985 0.6094736842105263 0
1708182184527 0.6094736842105263 0
1708182185111 0.6094736842105263 0
1708182185660 0.6094736842105263 0
1708182186368 0.5421052631578946 0
1708182186946 0.6526315789473685 0
1708182187475 0.7031578947368422 0
1708182188031 0.6799999999999999 0
1708182188569 0.6821052631578947 0
1708182189279 0.5547368421052632 0
1708182189812 0.6094736842105264 0
1708182190309 0.6094736842105264 0
1708182190804 0.6094736842105264 0
1708182191335 0.6178947368421053 0
1708182192041 0.6168421052631579 0
1708182192534 0.6126315789473684 0
1708182192975 0.6105263157894737 0
1708182193470 0.6126315789473684 0
1708182193915 0.6042105263157895 0
1708182194491 0.538888888888889 0
1708182194975 0.5722222222222224 0
1708182195434 0.5722222222222224 0
1708182195900 0.5722222222222224 0
1708182196340 0.5722222222222224 0
1708182196942 0.6652631578947369 0
1708182197402 0.7210526315789474 0
1708182197882 0.72 0
1708182198394 0.7189473684210526 0
1708182198893 0.7210526315789474 0
1708182199529 0.5578947368421053 0
1708182200056 0.6105263157894738 0
1708182200521 0.6105263157894738 0
1708182200995 0.6105263157894738 0
1708182201565 0.6105263157894738 0
1708182202303 0.6242105263157894 0
1708182202818 0.7063157894736843 0
1708182203342 0.7126315789473684 0
1708182203862 0.7389473684210526 0
1708182204358 0.7463157894736842 0
1708182204949 0.6052631578947368 0
1708182205430 0.6231578947368421 0
1708182205876 0.6905263157894737 0
1708182206412 0.7273684210526316 0
1708182206887 0.7421052631578947 0
1708182207531 0.5178947368421053 0
1708182208039 0.5936842105263157 0
1708182208495 0.6021052631578947 0
1708182208961 0.6063157894736843 0
1708182209422 0.6073684210526317 0
1708182210016 0.6410526315789473 0
1708182210500 0.7073684210526315 0
1708182210950 0.7252631578947369 0
1708182211422 0.7431578947368421 0
1708182211883 0.7463157894736842 0
1708182212515 0.6126315789473684 0
1708182213045 0.6157894736842106 0
1708182213526 0.6242105263157895 0
1708182213986 0.6378947368421052 0
1708182214426 0.6568421052631578 0
1708182214989 0.5936842105263158 0
1708182215425 0.6105263157894738 0
1708182215882 0.6073684210526316 0
1708182216348 0.6673684210526316 0
1708182216820 0.6863157894736841 0
1708182217414 0.48210526315789476 0
1708182217874 0.6126315789473684 0
1708182218329 0.6126315789473684 0
1708182218760 0.6126315789473684 0
1708182219376 0.6210526315789474 0
1708182220013 0.5722222222222224 0
1708182220519 0.568888888888889 0
1708182220998 0.6577777777777778 0
1708182221421 0.7077777777777778 0
1708182221859 0.7188888888888889 0
1708182222480 0.5199999999999999 0
1708182222985 0.603157894736842 0
1708182223460 0.603157894736842 0
1708182223924 0.603157894736842 0
1708182224446 0.603157894736842 0
1708182225135 0.4000000000000001 0
1708182225690 0.5473684210526316 0
1708182226183 0.6831578947368421 0
1708182226664 0.6357894736842106 0
1708182227158 0.6642105263157895 0
1708182227759 0.6105263157894737 0
1708182228264 0.6105263157894737 0
1708182228763 0.7052631578947368 0
1708182229293 0.7357894736842104 0
1708182229776 0.7452631578947368 0
1708182230381 0.5263157894736842 0
1708182230878 0.6157894736842104 0
1708182231370 0.6242105263157895 0
1708182231821 0.6652631578947369 0
1708182232318 0.6852631578947368 0
1708182232885 0.5515789473684211 0
1708182233391 0.5747368421052631 0
1708182233854 0.608421052631579 0
1708182234300 0.608421052631579 0
1708182234782 0.608421052631579 0
1708182235401 0.6094736842105263 0
1708182235887 0.6094736842105263 0
1708182236373 0.6094736842105263 0
1708182236934 0.6621052631578948 0
1708182237424 0.7052631578947368 0
1708182238119 0.6031578947368422 0
1708182238638 0.6063157894736843 0
1708182239136 0.6063157894736843 0
1708182239580 0.6073684210526317 0
1708182240010 0.6336842105263157 0
1708182240623 0.5789473684210527 0
1708182241081 0.668421052631579 0
1708182241541 0.6873684210526315 0
1708182242036 0.7168421052631578 0
1708182242518 0.7336842105263157 0
1708182243113 0.6052631578947368 0
1708182243599 0.6136842105263158 0
1708182244053 0.6284210526315789 0
1708182244515 0.6557894736842105 0
1708182244998 0.6842105263157895 0
1708182245587 0.5722222222222224 0
1708182246031 0.5722222222222224 0
1708182246486 0.5722222222222224 0
1708182246945 0.5722222222222224 0
1708182247456 0.5722222222222224 0
1708182248084 0.5947368421052631 0
1708182248624 0.6042105263157895 0
1708182249086 0.616842105263158 0
1708182249548 0.6505263157894737 0
1708182250001 0.6778947368421053 0
1708182250597 0.6263157894736843 0
1708182251073 0.7063157894736841 0
1708182251557 0.7147368421052631 0
1708182252031 0.711578947368421 0
1708182252473 0.7210526315789474 0
1708182253068 0.6115789473684211 0
1708182253548 0.6568421052631579 0
1708182253993 0.6926315789473685 0
1708182254486 0.7273684210526316 0
1708182254952 0.7284210526315791 0
1708182255574 0.6115789473684211 0
1708182256058 0.6147368421052631 0
1708182256533 0.6147368421052631 0
1708182257009 0.6147368421052631 0
1708182257439 0.6136842105263158 0
1708182258046 0.5326315789473683 0
1708182258529 0.6073684210526317 0
1708182258979 0.608421052631579 0
1708182259424 0.6094736842105263 0
1708182259892 0.6273684210526316 0
1708182260495 0.4031578947368421 0
1708182260975 0.6505263157894736 0
1708182261450 0.6452631578947369 0
1708182261900 0.6694736842105262 0
1708182262364 0.6642105263157895 0
1708182262927 0.5873684210526317 0
1708182263382 0.6063157894736843 0
1708182263844 0.5852631578947369 0
1708182264348 0.6063157894736843 0
1708182264843 0.6200000000000001 0
1708182265440 0.5989473684210527 0
1708182265917 0.6094736842105264 0
1708182266388 0.6094736842105264 0
1708182266859 0.6094736842105264 0
1708182267366 0.6094736842105264 0
1708182267964 0.6084210526315789 0
1708182268436 0.6284210526315789 0
1708182268905 0.648421052631579 0
1708182269410 0.6673684210526316 0
1708182269886 0.7389473684210526 0
1708182270511 0.4433333333333333 0
1708182270956 0.5677777777777779 0
1708182271413 0.5722222222222224 0
1708182271874 0.5722222222222224 0
1708182272355 0.5722222222222224 0
1708182272951 0.5968421052631578 0
1708182273454 0.6115789473684211 0
1708182273913 0.6421052631578948 0
1708182274383 0.6726315789473684 0
1708182274835 0.7189473684210527 0
1708182275482 0.6115789473684211 0
1708182275989 0.616842105263158 0
1708182276473 0.6505263157894736 0
1708182276922 0.6694736842105263 0
1708182277413 0.6968421052631578 0
1708182278014 0.6084210526315789 0
1708182278468 0.611578947368421 0
1708182278915 0.6147368421052631 0
1708182279366 0.6157894736842104 0
1708182279794 0.6189473684210526 0
1708182280399 0.6147368421052631 0
1708182280897 0.6147368421052631 0
1708182281336 0.6147368421052631 0
1708182281762 0.6147368421052631 0
1708182282236 0.6147368421052631 0
1708182282801 0.6547368421052632 0
1708182283267 0.7178947368421053 0
1708182283735 0.7336842105263157 0
1708182284183 0.7410526315789474 0
1708182284673 0.7536842105263158 0
1708182285274 0.5715789473684211 0
1708182285727 0.5873684210526315 0
1708182286186 0.6094736842105263 0
1708182286656 0.6094736842105263 0
1708182287121 0.6094736842105263 0
1708182287707 0.5978947368421054 0
1708182288172 0.6063157894736843 0
1708182288658 0.6094736842105264 0
1708182289184 0.6000000000000001 0
1708182289646 0.6073684210526317 0
1708182290280 0.6115789473684211 0
1708182290770 0.6252631578947369 0
1708182291261 0.6463157894736843 0
1708182291715 0.7000000000000001 0
1708182292172 0.7315789473684211 0
1708182292737 0.6126315789473684 0
1708182293216 0.6126315789473684 0
1708182293679 0.6126315789473684 0
1708182294110 0.6126315789473684 0
1708182294560 0.6126315789473684 0
1708182295181 0.5177777777777778 0
1708182295635 0.5700000000000001 0
1708182296088 0.5800000000000002 0
1708182296511 0.6955555555555555 0
1708182296969 0.7399999999999999 0
1708182297561 0.5705263157894737 0
1708182298017 0.6021052631578947 0
1708182298486 0.6021052631578946 0
1708182298927 0.603157894736842 0
1708182299403 0.6010526315789473 0
1708182299984 0.6536842105263156 0
1708182300430 0.7021052631578947 0
1708182300877 0.716842105263158 0
1708182301328 0.7389473684210525 0
1708182301777 0.7378947368421053 0
1708182302393 0.5410526315789472 0
1708182302854 0.6094736842105263 0
1708182303346 0.6136842105263158 0
1708182303836 0.6126315789473683 0
1708182304329 0.6157894736842104 0
1708182304925 0.6147368421052631 0
1708182305408 0.6147368421052631 0
1708182305876 0.6147368421052631 0
1708182306352 0.6147368421052631 0
1708182306773 0.6147368421052631 0
1708182307311 0.5178947368421053 0
1708182307745 0.5115789473684211 0
1708182308207 0.4863157894736842 0
1708182308695 0.608421052631579 0
1708182309167 0.608421052631579 0
1708182309771 0.6200000000000001 0
1708182310234 0.6810526315789474 0
1708182310704 0.6894736842105262 0
1708182311140 0.7147368421052632 0
1708182311610 0.7242105263157894 0
1708182312204 0.6042105263157895 0
1708182312645 0.6063157894736843 0
1708182313098 0.614736842105263 0
1708182313556 0.6178947368421054 0
1708182313993 0.6221052631578946 0
1708182314606 0.6094736842105264 0
1708182315068 0.6273684210526316 0
1708182315527 0.6789473684210524 0
1708182315968 0.6873684210526316 0
1708182316415 0.7368421052631579 0
1708182316981 0.38736842105263153 0
1708182317469 0.4768421052631579 0
1708182317914 0.6126315789473684 0
1708182318347 0.6126315789473684 0
1708182318799 0.6126315789473684 0
1708182319369 0.4277777777777778 0
1708182319821 0.5566666666666666 0
1708182320242 0.558888888888889 0
1708182320677 0.5700000000000001 0
1708182321122 0.5711111111111111 0
1708182321709 0.45473684210526316 0
1708182322168 0.6 0
1708182322589 0.603157894736842 0
1708182323037 0.603157894736842 0
1708182323495 0.603157894736842 0
1708182324102 0.6052631578947368 0
1708182324560 0.6263157894736843 0
1708182325008 0.6599999999999999 0
1708182325488 0.6768421052631579 0
1708182325967 0.7031578947368421 0
1708182326549 0.6147368421052631 0
1708182327030 0.6694736842105262 0
1708182327504 0.7157894736842106 0
1708182327950 0.7357894736842104 0
1708182328405 0.771578947368421 0
1708182329217 0.6547368421052632 0
1708182329693 0.6757894736842105 0
1708182330172 0.7063157894736842 0
1708182330660 0.72 0
1708182331139 0.7610526315789473 0
1708182331705 0.5463157894736842 0
1708182332197 0.68 0
1708182332680 0.6768421052631579 0
1708182333117 0.7094736842105261 0
1708182333625 0.711578947368421 0
1708182334223 0.3905263157894737 0
1708182334667 0.5157894736842106 0
1708182335116 0.6842105263157894 0
1708182335585 0.6957894736842105 0
1708182336063 0.728421052631579 0
1708182336622 0.3936842105263158 0
1708182337102 0.4221052631578948 0
1708182337589 0.6378947368421053 0
1708182338055 0.6063157894736843 0
1708182338525 0.6147368421052632 0
1708182339107 0.6136842105263158 0
1708182339563 0.6410526315789473 0
1708182340016 0.6589473684210526 0
1708182340453 0.6810526315789472 0
1708182340902 0.7094736842105264 0
1708182341517 0.6010526315789474 0
1708182341988 0.6126315789473684 0
1708182342450 0.6126315789473684 0
1708182342927 0.6126315789473684 0
1708182343402 0.623157894736842 0
1708182344004 0.56 0
1708182344454 0.5266666666666667 0
1708182344884 0.5800000000000001 0
1708182345327 0.5844444444444445 0
1708182345774 0.5955555555555556 0
1708182346346 0.5642105263157894 0
1708182346777 0.603157894736842 0
1708182347245 0.603157894736842 0
1708182347713 0.603157894736842 0
1708182348170 0.603157894736842 0
1708182348748 0.5410526315789475 0
1708182349219 0.7105263157894737 0
1708182349664 0.6989473684210525 0
1708182350138 0.7178947368421053 0
1708182350590 0.7210526315789473 0
1708182351195 0.5684210526315789 0
1708182351672 0.6105263157894738 0
1708182352124 0.6094736842105263 0
1708182352634 0.6157894736842104 0
1708182353089 0.6084210526315789 0
1708182353691 0.6157894736842106 0
1708182354150 0.6189473684210527 0
1708182354597 0.6273684210526316 0
1708182355054 0.6336842105263158 0
1708182355513 0.6378947368421053 0
1708182356075 0.5431578947368422 0
1708182356549 0.508421052631579 0
1708182357049 0.5810526315789474 0
1708182357558 0.608421052631579 0
1708182358000 0.608421052631579 0
1708182358618 0.5442105263157895 0
1708182359084 0.6094736842105263 0
1708182359551 0.6084210526315789 0
1708182360031 0.608421052631579 0
1708182360483 0.6115789473684211 0
1708182361073 0.6031578947368421 0
1708182361539 0.6063157894736843 0
1708182361977 0.6063157894736843 0
1708182362454 0.6221052631578948 0
1708182362917 0.6757894736842105 0
1708182363511 0.6094736842105264 0
1708182363978 0.6094736842105264 0
1708182364427 0.6094736842105264 0
1708182364897 0.6105263157894738 0
1708182365385 0.6378947368421052 0
1708182365945 0.5989473684210526 0
1708182366409 0.7021052631578948 0
1708182366855 0.723157894736842 0
1708182367314 0.7263157894736842 0
1708182367774 0.7273684210526316 0
