1708182126314 0.6093771614526448 0
1708182127018 0.648834471639834 0
1708182127466 0.6019528241533982 0
1708182127911 0.5858846973431738 0
1708182128417 0.5751137090356726 0
1708182128951 0.5687733178860263 0
1708182129522 0.6885944071568941 0
1708182130002 0.7524322271347046 0
1708182130485 0.6645979536207098 0
1708182131004 0.6232217581648576 0
1708182131507 0.6201862504607752 0
1708182132091 0.6443005392425939 0
1708182132547 0.6144435782181589 0
1708182133006 0.6098890179081967 0
1708182133530 0.5969016363746241 0
1708182134001 0.5853039183114704 0
1708182134547 0.6899228017581137 0
1708182134999 0.6166976768719522 0
1708182135479 0.5996736539037604 0
1708182135969 0.5892105024111899 0
1708182136461 0.5823360328611574 0
1708182137035 0.6672012053037945 0
1708182137494 0.6002129786892941 0
1708182137966 0.580674758082942 0
1708182138479 0.5709900871703499 0
1708182138990 0.5639408630760092 0
1708182139541 0.6441522083784404 0
1708182140031 0.6068421884586936 0
1708182140478 0.5932792158503282 0
1708182140982 0.5794222135292856 0
1708182141466 0.5665133995445151 0
1708182142083 0.7348259323173099 0
1708182142529 0.6095236738522848 0
1708182142998 0.5989256699879965 0
1708182143499 0.5927932626671262 0
1708182143980 0.5857639279630449 0
1708182144603 0.6635186358502037 0
1708182145073 0.611657893971393 0
1708182145522 0.6025949842051456 0
1708182146008 0.5963341248662848 0
1708182146536 0.5926045100939902 0
1708182147173 0.6364928452592147 0
1708182147687 0.5825563302557719 0
1708182148195 0.5793585967468587 0
1708182148734 0.5716650766369543 0
1708182149196 0.5663693417844019 0
1708182149746 0.9830337668720045 0
1708182150219 0.6506847394140143 0
1708182150828 0.5954925621810713 0
1708182151377 0.5870185000331778 0
1708182151903 0.5783676042368537 0
1708182152557 0.6389506490607011 0
1708182153147 0.6073773377820065 0
1708182153698 0.5936389581153267 0
1708182154188 0.580590944541128 0
1708182154639 0.5706601942840376 0
1708182155219 0.9400961336336637 0
1708182155695 0.6883431892645987 0
1708182156136 0.6648690057428259 0
1708182156614 0.6535174034928021 0
1708182157111 0.6450133347197583 0
1708182157705 0.6424833536148071 0
1708182158164 0.6018304997368863 0
1708182158641 0.5880050761135001 0
1708182159115 0.5844522255815958 0
1708182159573 0.5787829431264024 0
1708182160233 0.6751600660775837 0
1708182160867 0.6095090100639745 0
1708182161403 0.5967610454873035 0
1708182161869 0.5911765247583389 0
1708182162369 0.5883799144311955 0
1708182162996 0.6329373560453716 0
1708182163561 0.5828640429597152 0
1708182164078 0.5687390322747984 0
1708182164694 0.5637870030967813 0
1708182165193 0.5506844402928102 0
1708182165747 0.7802976840420773 0
1708182166234 0.675345640433462 0
1708182166726 0.6673288125740854 0
1708182167174 0.6666050992513958 0
1708182167694 0.6624869892471715 0
1708182168253 0.6830275886588626 0
1708182168708 0.6797189745638106 0
1708182169182 0.6779614289601644 0
1708182169653 0.6735196510950724 0
1708182170093 0.6585562030474345 0
1708182170684 0.6799671273482474 0
1708182171218 0.614291925179331 0
1708182171741 0.5996862273467215 0
1708182172212 0.5927015809636367 0
1708182172777 0.5832582163183313 0
1708182173359 0.6500880090813888 0
1708182173843 0.5886257306525582 0
1708182174286 0.5707651368881527 0
1708182174758 0.557427474542668 0
1708182175269 0.5470756833490572 0
1708182175887 0.6540076309128812 0
1708182176362 0.6107610464096069 0
1708182176840 0.596703827381134 0
1708182177323 0.5856528905661482 0
1708182177798 0.5742885878211573 0
1708182178374 0.6759130327325118 0
1708182178824 0.6662832718146475 0
1708182179259 0.6565195839656027 0
1708182179804 0.6494783743431694 0
1708182180283 0.643189361220912 0
1708182180928 0.7093660392259297 0
1708182181433 0.6308907615511041 0
1708182181943 0.620875735031931 0
1708182182440 0.5969657513656115 0
1708182182886 0.5909013254077811 0
1708182183500 0.6788191889461718 0
1708182183997 0.670221397751256 0
1708182184538 0.6699362616789969 0
1708182185126 0.6668766203679537 0
1708182185671 0.654769335922442 0
1708182186378 0.6912883488755477 0
1708182186959 0.6026362839498018 0
1708182187488 0.5953147897594854 0
1708182188045 0.5921893574689564 0
1708182188580 0.5829917568909494 0
1708182189291 0.6805520841949865 0
1708182189821 0.6233202893483011 0
1708182190321 0.6114110021214736 0
1708182190818 0.6020327351595226 0
1708182191346 0.5927960355030862 0
1708182192052 0.6775895576728018 0
1708182192542 0.65940534127386 0
1708182192986 0.6529548230924105 0
1708182193478 0.6430999134716234 0
1708182193925 0.6353554584478077 0
1708182194501 0.6799041198359596 0
1708182194984 0.6392209231853485 0
1708182195444 0.6274876263406541 0
1708182195911 0.6202062997553084 0
1708182196349 0.6129296123981476 0
1708182196952 0.7774868983971445 0
1708182197411 0.5873119109555295 0
1708182197892 0.5753157856433015 0
1708182198404 0.567621300095006 0
1708182198907 0.5636564481415247 0
1708182199542 0.6976329841111836 0
1708182200066 0.671183168888092 0
1708182200530 0.6692923338789689 0
1708182201008 0.6652324670239499 0
1708182201578 0.6613059843841352 0
1708182202313 0.6504535690734261 0
1708182202831 0.5956053686769385 0
1708182203356 0.5779071763942116 0
1708182203871 0.5649674189718146 0
1708182204369 0.5691452708683515 0
1708182204958 0.6374798981766951 0
1708182205438 0.5898421814567164 0
1708182205887 0.573075178422426 0
1708182206424 0.5587619362693084 0
1708182206901 0.5536261679310548 0
1708182207547 0.788365407993919 0
1708182208049 0.6655353731230685 0
1708182208505 0.6262791117555216 0
1708182208972 0.6065472282077137 0
1708182209430 0.5961651449140749 0
1708182210024 0.653926316060518 0
1708182210508 0.5882246211955422 0
1708182210959 0.5713776334335929 0
1708182211431 0.560344641145907 0
1708182211893 0.5510276971678985 0
1708182212527 0.6547952984508715 0
1708182213055 0.6080617841921354 0
1708182213535 0.5982140475197842 0
1708182213996 0.5877558934061151 0
1708182214436 0.5794867057549326 0
1708182214997 0.6463349885062167 0
1708182215437 0.6059791743755341 0
1708182215893 0.5942485183477402 0
1708182216356 0.583917047632368 0
1708182216830 0.5779486031908738 0
1708182217423 0.7014717773387307 0
1708182217882 0.6212625221202248 0
1708182218339 0.600546375701302 0
1708182218771 0.5899098484139693 0
1708182219385 0.5815482743476567 0
1708182220021 0.6927651762962341 0
1708182220534 0.6457864774598016 0
1708182221007 0.614868723683887 0
1708182221433 0.6053012675709195 0
1708182221869 0.5908309916655222 0
1708182222488 0.7295302780050981 0
1708182222996 0.6356858736590335 0
1708182223468 0.6206377352538862 0
1708182223936 0.611237780828225 0
1708182224457 0.6044486423856333 0
1708182225148 0.9777542415418123 0
1708182225701 0.6801385032503229 0
1708182226191 0.6392572145713004 0
1708182226675 0.6132793332401075 0
1708182227169 0.5994408883546528 0
1708182227770 0.6948179649679285 0
1708182228272 0.5962872536558854 0
1708182228778 0.581357689280259 0
1708182229303 0.5737923148431276 0
1708182229788 0.5729054824302071 0
1708182230390 0.7077043574107321 0
1708182230886 0.5942612419787207 0
1708182231381 0.5822351904291856 0
1708182231829 0.5694559702747747 0
1708182232326 0.5618988348073081 0
1708182232896 0.7922297590657285 0
1708182233399 0.647738912534949 0
1708182233863 0.6398509319314096 0
1708182234309 0.6353335519854323 0
1708182234790 0.6329402674179475 0
1708182235412 0.6359360218048096 0
1708182235897 0.5985303395672849 0
1708182236387 0.5964851598990591 0
1708182236947 0.5835424543995607 0
1708182237433 0.5690229672350382 0
1708182238130 0.6678413780112016 0
1708182238648 0.605649894005374 0
1708182239147 0.5914492011070251 0
1708182239589 0.5835499583106292 0
1708182240020 0.5798463225364685 0
1708182240633 0.6550553362620505 0
1708182241092 0.5910700849796596 0
1708182241548 0.5828732165851092 0
1708182242047 0.5798837911141547 0
1708182242531 0.576024725641075 0
1708182243126 0.647003344799343 0
1708182243607 0.6093736604640358 0
1708182244062 0.5945360095877397 0
1708182244527 0.5835498061619306 0
1708182245006 0.5723543959228616 0
1708182245596 0.6530321935812632 0
1708182246040 0.6285994317796495 0
1708182246497 0.6183366808626387 0
1708182246954 0.6118458608786265 0
1708182247467 0.6073096593221029 0
1708182248096 0.6690460537609301 0
1708182248634 0.6264789731878984 0
1708182249094 0.6055680168302435 0
1708182249557 0.584456584171245 0
1708182250010 0.5758694920100664 0
1708182250605 0.6317807749698037 0
1708182251081 0.5966642216632241 0
1708182251567 0.5840273166173383 0
1708182252039 0.5683402724956211 0
1708182252484 0.564565051935221 0
1708182253073 0.6466706301036634 0
1708182253556 0.6049422480558094 0
1708182254008 0.5863464553105203 0
1708182254497 0.5785896354600003 0
1708182254961 0.5721834976422159 0
1708182255586 0.6609835812920019 0
1708182256067 0.6236656151319805 0
1708182256544 0.58663036870329 0
1708182257020 0.5777442741550898 0
1708182257449 0.5704619970760847 0
1708182258055 0.74547089714753 0
1708182258538 0.60228590177078 0
1708182258988 0.5857811196168002 0
1708182259432 0.5747950728002348 0
1708182259900 0.5687007404079563 0
1708182260503 0.7697913019280684 0
1708182260986 0.6403150793753172 0
1708182261460 0.6094114466717369 0
1708182261910 0.5910797495591013 0
1708182262372 0.5865822105031264 0
1708182262936 0.6750581013528925 0
1708182263391 0.6612847980700041 0
1708182263853 0.6481195845102009 0
1708182264357 0.6310782181589227 0
1708182264849 0.6239064069170701 0
1708182265451 0.6808872348383853 0
1708182265932 0.6741291127706829 0
1708182266396 0.6706951166454115 0
1708182266870 0.6718184665629738 0
1708182267376 0.6696710962998239 0
1708182267972 0.6216088000096773 0
1708182268444 0.6077663772984555 0
1708182268919 0.5978028115473295 0
1708182269420 0.586202494407955 0
1708182269895 0.5671495324686954 0
1708182270520 0.9677800569269392 0
1708182270965 0.6892039246029324 0
1708182271425 0.678669144709905 0
1708182271884 0.6730071041319106 0
1708182272363 0.6635282337665558 0
1708182272960 0.6385757985867953 0
1708182273464 0.6177842742518375 0
1708182273924 0.6076542688043494 0
1708182274390 0.6001155721513849 0
1708182274844 0.5918193945759221 0
1708182275495 0.6677549418650175 0
1708182275998 0.613070033098522 0
1708182276481 0.5894923272885775 0
1708182276932 0.5784608831531123 0
1708182277422 0.5698984837845752 0
1708182278023 0.7066368131261123 0
1708182278478 0.5919716860118666 0
1708182278922 0.584149536333586 0
1708182279374 0.5766613522642537 0
1708182279805 0.5745717340001935 0
1708182280408 0.7662340763368105 0
1708182280907 0.605175215162729 0
1708182281344 0.5938773715966627 0
1708182281771 0.5863066060762656 0
1708182282245 0.5811835439189484 0
1708182282810 0.6113927176124171 0
1708182283276 0.5716167966786184 0
1708182283744 0.5728069794805426 0
1708182284193 0.5637916544158208 0
1708182284682 0.5500587121044335 0
1708182285284 0.686977251579887 0
1708182285735 0.666418803365607 0
1708182286197 0.6592928233899569 0
1708182286664 0.6593362061600936 0
1708182287132 0.6549970091957795 0
1708182287717 0.672112546469036 0
1708182288181 0.6610833312335768 0
1708182288672 0.6462768049616563 0
1708182289194 0.6312360465526581 0
1708182289657 0.6186799955995459 0
1708182290291 0.6345934365925036 0
1708182290780 0.6026438741307509 0
1708182291274 0.5877439222837749 0
1708182291724 0.5781944770562021 0
1708182292182 0.5694051859410185 0
1708182292745 0.6748562612031636 0
1708182293226 0.6677057586218181 0
1708182293688 0.6678829287227831 0
1708182294122 0.6631876308667032 0
1708182294570 0.6550088681672749 0
1708182295190 0.6831184691852994 0
1708182295644 0.6279820170667436 0
1708182296098 0.6059695151117113 0
1708182296521 0.5840134488211738 0
1708182296980 0.5684672279490365 0
1708182297571 0.6825734627874274 0
1708182298027 0.6301675595735249 0
1708182298494 0.6199783322058225 0
1708182298938 0.6116470490631304 0
1708182299411 0.6059350826238331 0
1708182299993 0.6052219632424807 0
1708182300439 0.5872161325655485 0
1708182300887 0.572751887534794 0
1708182301337 0.5700416737481168 0
1708182301787 0.5734321388759112 0
1708182302401 0.6683933138847351 0
1708182302862 0.6070225677992168 0
1708182303354 0.5899269478885751 0
1708182303844 0.5875565684155414 0
1708182304339 0.5877784631754223 0
1708182304933 0.6686707797803377 0
1708182305417 0.6653703294302288 0
1708182305890 0.6607040778586739 0
1708182306360 0.6562839040630742 0
1708182306782 0.6444159008954701 0
1708182307320 0.7815077963628267 0
1708182307753 0.7169258218062552 0
1708182308216 0.7500201955829796 0
1708182308705 0.6463896902768236 0
1708182309177 0.6371230307574335 0
1708182309780 0.7053162596727672 0
1708182310243 0.598094714315314 0
1708182310717 0.5843092697231393 0
1708182311149 0.5737069394243391 0
1708182311620 0.5679119809677726 0
1708182312213 0.6716851874401695 0
1708182312654 0.6574362296807138 0
1708182313111 0.6508567866526151 0
1708182313565 0.6343262195587158 0
1708182314003 0.61807928587261 0
1708182314615 0.649648274246015 0
1708182315082 0.5942643284797668 0
1708182315537 0.5867350909270739 0
1708182315978 0.5847903576336408 0
1708182316424 0.571741952707893 0
1708182316990 1.0007899466313814 0
1708182317479 0.70473586571844 0
1708182317924 0.6703770160675049 0
1708182318356 0.6699948593189842 0
1708182318807 0.6665031847200895 0
1708182319381 1.2489559186829462 0
1708182319830 0.6968483295705583 0
1708182320251 0.6880214015642802 0
1708182320686 0.6802510586049821 0
1708182321131 0.6688511272271475 0
1708182321719 0.7286230827632704 0
1708182322177 0.6767829844826146 0
1708182322597 0.6451502050224104 0
1708182323045 0.6181043276661321 0
1708182323504 0.6043319960958079 0
1708182324111 0.6272377199248264 0
1708182324568 0.5884213675009576 0
1708182325018 0.5793058095793975 0
1708182325498 0.5707768817481241 0
1708182325977 0.5647927801075735 0
1708182326557 0.6251674168988278 0
1708182327040 0.5902487510129025 0
1708182327512 0.5714911442053946 0
1708182327959 0.5569436385443336 0
1708182328413 0.5524204161606336 0
1708182329226 0.6143602760214555 0
1708182329702 0.5843321398684853 0
1708182330182 0.5770414157917625 0
1708182330670 0.5724389537384635 0
1708182331148 0.5596013037781966 0
1708182331714 0.9199622210703398 0
1708182332207 0.6133615235356908 0
1708182332688 0.6012787715973038 0
1708182333126 0.572536964067503 0
1708182333639 0.5688709804886266 0
1708182334232 0.9199440259682504 0
1708182334676 0.7011455736662212 0
1708182335125 0.607206277157131 0
1708182335593 0.590609632040325 0
1708182336073 0.5790365197156605 0
1708182336631 0.8243907658677352 0
1708182337111 0.6987591134874445 0
1708182337599 0.6537945019571405 0
1708182338064 0.607492142602017 0
1708182338533 0.5990947202632302 0
1708182339118 0.633012763763729 0
1708182339572 0.5978939580289941 0
1708182340026 0.5802994644955585 0
1708182340463 0.5701242540227739 0
1708182340911 0.5617264109222513 0
1708182341525 0.6678086519241333 0
1708182341999 0.6117614758642096 0
1708182342458 0.5972490514579573 0
1708182342937 0.5843031476987036 0
1708182343413 0.570571094751358 0
1708182344013 0.6849772069189284 0
1708182344464 0.6803359422418807 0
1708182344893 0.660508457157347 0
1708182345336 0.6589899294906192 0
1708182345782 0.6448040737046136 0
1708182346356 0.7030310379831415 0
1708182346786 0.6676534414291382 0
1708182347255 0.6550424506789759 0
1708182347723 0.6382844275549838 0
1708182348179 0.6281940576277281 0
1708182348758 1.1059556666173433 0
1708182349227 0.6181653079233671 0
1708182349673 0.590183465104354 0
1708182350146 0.5744523562883076 0
1708182350600 0.5678864678269938 0
1708182351205 0.6945592008138958 0
1708182351681 0.6110468318587855 0
1708182352136 0.6023443419682352 0
1708182352644 0.5926894639667711 0
1708182353100 0.5899502038955688 0
1708182353699 0.6417535574812638 0
1708182354160 0.6089465790673306 0
1708182354606 0.5985048601501867 0
1708182355064 0.5882970831896129 0
1708182355521 0.5785506046132037 0
1708182356084 0.8706403657009727 0
1708182356558 0.6960296599488509 0
1708182357063 0.6528620915977579 0
1708182357565 0.6335387672052571 0
1708182358012 0.6276135619386638 0
1708182358627 0.7548325626473678 0
1708182359094 0.6458846707093088 0
1708182359560 0.6236106345528051 0
1708182360039 0.6169689768239072 0
1708182360491 0.610780866522538 0
1708182361082 0.6457404180576927 0
1708182361549 0.60841093878997 0
1708182361986 0.592055806988164 0
1708182362462 0.5830405934860832 0
1708182362925 0.572494021763927 0
1708182363519 0.6959557501893294 0
1708182363988 0.6086731458965101 0
1708182364436 0.5969348832180625 0
1708182364908 0.5853033159908495 0
1708182365395 0.5763920294611078 0
1708182365953 0.6291125636351736 0
1708182366418 0.5957257684908415 0
1708182366863 0.5840214349721607 0
1708182367322 0.5781809907210501 0
1708182367785 0.5741832570025796 0
