1708182126309 0.0 0
1708182127013 0.0 0
1708182127462 0.0 0
1708182127907 0.0 0
1708182128413 0.0 0
1708182128946 0.0 0
1708182129517 0.0 0
1708182129998 0.0 0
1708182130479 0.0 0
1708182131000 0.0 0
1708182131504 0.0 0
1708182132088 0.0 0
1708182132542 0.0 0
1708182133002 0.0 0
1708182133527 0.0 0
1708182133996 0.0 0
1708182134543 0.0 0
1708182134995 0.0 0
1708182135475 0.0 0
1708182135964 0.0 0
1708182136458 0.0 0
1708182137031 0.0 0
1708182137490 0.0 0
1708182137962 0.0 0
1708182138476 0.0 0
1708182138987 0.0 0
1708182139536 0.0 0
1708182140028 0.0 0
1708182140474 0.0 0
1708182140979 0.0 0
1708182141461 0.0 0
1708182142080 0.0 0
1708182142523 0.0 0
1708182142995 0.0 0
1708182143495 0.0 0
1708182143976 0.0 0
1708182144599 0.0 0
1708182145070 0.0 0
1708182145518 0.0 0
1708182146005 0.0 0
1708182146531 0.0 0
1708182147169 0.0 0
1708182147682 0.0 0
1708182148190 0.0 0
1708182148731 0.0 0
1708182149193 0.0 0
1708182149743 0.0 0
1708182150211 0.0 0
1708182150822 0.0 0
1708182151373 0.0 0
1708182151898 0.0 0
1708182152553 0.0 0
1708182153140 0.0 0
1708182153693 0.0 0
1708182154184 0.0 0
1708182154636 0.0 0
1708182155214 0.0 0
1708182155691 0.0 0
1708182156133 0.0 0
1708182156611 0.0 0
1708182157106 0.0 0
1708182157701 0.0 0
1708182158160 0.0 0
1708182158637 0.0 0
1708182159111 0.0 0
1708182159569 0.0 0
1708182160229 0.0 0
1708182160863 0.0 0
1708182161399 0.0 0
1708182161864 0.0 0
1708182162365 0.0 0
1708182162991 0.0 0
1708182163557 0.0 0
1708182164075 0.0 0
1708182164689 0.0 0
1708182165189 0.0 0
1708182165745 0.0 0
1708182166230 0.0 0
1708182166723 0.0 0
1708182167170 0.0 0
1708182167690 0.0 0
1708182168249 0.0 0
1708182168703 0.0 0
1708182169178 0.0 0
1708182169649 0.0 0
1708182170090 0.0 0
1708182170659 0.0 0
1708182171213 0.0 0
1708182171737 0.0 0
1708182172207 0.0 0
1708182172772 0.0 0
1708182173356 0.0 0
1708182173839 0.0 0
1708182174282 0.0 0
1708182174754 0.0 0
1708182175264 0.0 0
1708182175884 0.0 0
1708182176358 0.0 0
1708182176837 0.0 0
1708182177320 0.0 0
1708182177795 0.0 0
1708182178370 0.0 0
1708182178820 0.0 0
1708182179256 0.0 0
1708182179798 0.0 0
1708182180279 0.0 0
1708182180923 0.0 0
1708182181430 0.0 0
1708182181936 0.0 0
1708182182436 0.0 0
1708182182882 0.0 0
1708182183495 0.0 0
1708182183993 0.0 0
1708182184535 0.0 0
1708182185121 0.0 0
1708182185667 0.0 0
1708182186373 0.0 0
1708182186954 0.0 0
1708182187482 0.0 0
1708182188040 0.0 0
1708182188575 0.0 0
1708182189286 0.0 0
1708182189817 0.0 0
1708182190317 0.0 0
1708182190811 0.0 0
1708182191343 0.0 0
1708182192047 0.0 0
1708182192538 0.0 0
1708182192982 0.0 0
1708182193475 0.0 0
1708182193921 0.0 0
1708182194497 0.0 0
1708182194981 0.0 0
1708182195440 0.0 0
1708182195900 0.0 0
1708182196345 0.0 0
1708182196948 0.0 0
1708182197408 0.0 0
1708182197888 0.0 0
1708182198400 0.0 0
1708182198902 0.0 0
1708182199537 0.0 0
1708182200062 0.0 0
1708182200526 0.0 0
1708182201003 0.0 0
1708182201572 0.0 0
1708182202309 0.0 0
1708182202826 0.0 0
1708182203351 0.0 0
1708182203868 0.0 0
1708182204364 0.0 0
1708182204954 0.0 0
1708182205435 0.0 0
1708182205882 0.0 0
1708182206418 0.0 0
1708182206895 0.0 0
1708182207541 0.0 0
1708182208044 0.0 0
1708182208501 0.0 0
1708182208968 0.0 0
1708182209427 0.0 0
1708182210021 0.0 0
1708182210505 0.0 0
1708182210955 0.0 0
1708182211427 0.0 0
1708182211889 0.0 0
1708182212522 0.0 0
1708182213051 0.0 0
1708182213532 0.0 0
1708182213992 0.0 0
1708182214432 0.0 0
1708182214993 0.0 0
1708182215432 0.0 0
1708182215889 0.0 0
1708182216352 0.0 0
1708182216826 0.0 0
1708182217419 0.0 0
1708182217879 0.0 0
1708182218335 0.0 0
1708182218767 0.0 0
1708182219381 0.0 0
1708182220018 0.0 0
1708182220528 0.0 0
1708182221004 0.0 0
1708182221429 0.0 0
1708182221865 0.0 0
1708182222485 0.0 0
1708182222991 0.0 0
1708182223464 0.0 0
1708182223932 0.0 0
1708182224452 0.0 0
1708182225142 0.0 0
1708182225697 0.0 0
1708182226188 0.0 0
1708182226670 0.0 0
1708182227165 0.0 0
1708182227765 0.0 0
1708182228269 0.0 0
1708182228772 0.0 0
1708182229299 0.0 0
1708182229782 0.0 0
1708182230386 0.0 0
1708182230883 0.0 0
1708182231376 0.0 0
1708182231826 0.0 0
1708182232324 0.0 0
1708182232891 0.0 0
1708182233396 0.0 0
1708182233859 0.0 0
1708182234305 0.0 0
1708182234787 0.0 0
1708182235407 0.0 0
1708182235893 0.0 0
1708182236381 0.0 0
1708182236942 0.0 0
1708182237430 0.0 0
1708182238126 0.0 0
1708182238644 0.0 0
1708182239143 0.0 0
1708182239585 0.0 0
1708182240015 0.0 0
1708182240629 0.0 0
1708182241088 0.0 0
1708182241545 0.0 0
1708182242044 0.0 0
1708182242526 0.0 0
1708182243121 0.0 0
1708182243604 0.0 0
1708182244058 0.0 0
1708182244523 0.0 0
1708182245003 0.0 0
1708182245592 0.0 0
1708182246036 0.0 0
1708182246493 0.0 0
1708182246951 0.0 0
1708182247463 0.0 0
1708182248090 0.0 0
1708182248630 0.0 0
1708182249091 0.0 0
1708182249553 0.0 0
1708182250006 0.0 0
1708182250602 0.0 0
1708182251077 0.0 0
1708182251563 0.0 0
1708182252035 0.0 0
1708182252480 0.0 0
1708182253073 0.0 0
1708182253553 0.0 0
1708182254002 0.0 0
1708182254493 0.0 0
1708182254958 0.0 0
1708182255582 0.0 0
1708182256063 0.0 0
1708182256539 0.0 0
1708182257015 0.0 0
1708182257444 0.0 0
1708182258051 0.0 0
1708182258534 0.0 0
1708182258984 0.0 0
1708182259429 0.0 0
1708182259897 0.0 0
1708182260500 0.0 0
1708182260982 0.0 0
1708182261455 0.0 0
1708182261906 0.0 0
1708182262369 0.0 0
1708182262932 0.0 0
1708182263386 0.0 0
1708182263850 0.0 0
1708182264354 0.0 0
1708182264849 0.0 0
1708182265447 0.0 0
1708182265930 0.0 0
1708182266393 0.0 0
1708182266865 0.0 0
1708182267372 0.0 0
1708182267969 0.0 0
1708182268441 0.0 0
1708182268913 0.0 0
1708182269416 0.0 0
1708182269892 0.0 0
1708182270516 0.0 0
1708182270961 0.0 0
1708182271421 0.0 0
1708182271880 0.0 0
1708182272359 0.0 0
1708182272956 0.0 0
1708182273459 0.0 0
1708182273921 0.0 0
1708182274387 0.0 0
1708182274841 0.0 0
1708182275490 0.0 0
1708182275994 0.0 0
1708182276478 0.0 0
1708182276928 0.0 0
1708182277419 0.0 0
1708182278020 0.0 0
1708182278474 0.0 0
1708182278919 0.0 0
1708182279371 0.0 0
1708182279800 0.0 0
1708182280405 0.0 0
1708182280903 0.0 0
1708182281341 0.0 0
1708182281768 0.0 0
1708182282241 0.0 0
1708182282807 0.0 0
1708182283273 0.0 0
1708182283741 0.0 0
1708182284189 0.0 0
1708182284677 0.0 0
1708182285280 0.0 0
1708182285732 0.0 0
1708182286192 0.0 0
1708182286661 0.0 0
1708182287126 0.0 0
1708182287713 0.0 0
1708182288177 0.0 0
1708182288666 0.0 0
1708182289189 0.0 0
1708182289652 0.0 0
1708182290287 0.0 0
1708182290776 0.0 0
1708182291261 0.0 0
1708182291720 0.0 0
1708182292178 0.0 0
1708182292742 0.0 0
1708182293221 0.0 0
1708182293685 0.0 0
1708182294116 0.0 0
1708182294565 0.0 0
1708182295187 0.0 0
1708182295640 0.0 0
1708182296094 0.0 0
1708182296517 0.0 0
1708182296975 0.0 0
1708182297566 0.0 0
1708182298023 0.0 0
1708182298490 0.0 0
1708182298934 0.0 0
1708182299408 0.0 0
1708182299990 0.0 0
1708182300435 0.0 0
1708182300883 0.0 0
1708182301333 0.0 0
1708182301783 0.0 0
1708182302397 0.0 0
1708182302858 0.0 0
1708182303351 0.0 0
1708182303841 0.0 0
1708182304335 0.0 0
1708182304930 0.0 0
1708182305414 0.0 0
1708182305887 0.0 0
1708182306357 0.0 0
1708182306778 0.0 0
1708182307316 0.0 0
1708182307750 0.0 0
1708182308213 0.0 0
1708182308702 0.0 0
1708182309174 0.0 0
1708182309777 0.0 0
1708182310239 0.0 0
1708182310712 0.0 0
1708182311145 0.0 0
1708182311616 0.0 0
1708182312209 0.0 0
1708182312651 0.0 0
1708182313109 0.0 0
1708182313562 0.0 0
1708182313999 0.0 0
1708182314612 0.0 0
1708182315078 0.0 0
1708182315533 0.0 0
1708182315975 0.0 0
1708182316420 0.0 0
1708182316986 0.0 0
1708182317475 0.0 0
1708182317920 0.0 0
1708182318352 0.0 0
1708182318803 0.0 0
1708182319376 0.0 0
1708182319827 0.0 0
1708182320247 0.0 0
1708182320682 0.0 0
1708182321128 0.0 0
1708182321716 0.0 0
1708182322173 0.0 0
1708182322594 0.0 0
1708182323042 0.0 0
1708182323501 0.0 0
1708182324106 0.0 0
1708182324564 0.0 0
1708182325015 0.0 0
1708182325494 0.0 0
1708182325973 0.0 0
1708182326554 0.0 0
1708182327036 0.0 0
1708182327509 0.0 0
1708182327955 0.0 0
1708182328410 0.0 0
1708182329222 0.0 0
1708182329698 0.0 0
1708182330179 0.0 0
1708182330666 0.0 0
1708182331145 0.0 0
1708182331711 0.0 0
1708182332203 0.0 0
1708182332685 0.0 0
1708182333122 0.0 0
1708182333634 0.0 0
1708182334228 0.0 0
1708182334673 0.0 0
1708182335120 0.0 0
1708182335590 0.0 0
1708182336069 0.0 0
1708182336628 0.0 0
1708182337107 0.0 0
1708182337594 0.0 0
1708182338061 0.0 0
1708182338530 0.0 0
1708182339113 0.0 0
1708182339568 0.0 0
1708182340023 0.0 0
1708182340459 0.0 0
1708182340908 0.0 0
1708182341522 0.0 0
1708182341994 0.0 0
1708182342454 0.0 0
1708182342933 0.0 0
1708182343409 0.0 0
1708182344009 0.0 0
1708182344459 0.0 0
1708182344890 0.0 0
1708182345333 0.0 0
1708182345779 0.0 0
1708182346351 0.0 0
1708182346783 0.0 0
1708182347251 0.0 0
1708182347719 0.0 0
1708182348175 0.0 0
1708182348754 0.0 0
1708182349224 0.0 0
1708182349669 0.0 0
1708182350143 0.0 0
1708182350596 0.0 0
1708182351201 0.0 0
1708182351676 0.0 0
1708182352132 0.0 0
1708182352640 0.0 0
1708182353096 0.0 0
1708182353695 0.0 0
1708182354156 0.0 0
1708182354602 0.0 0
1708182355060 0.0 0
1708182355518 0.0 0
1708182356081 0.0 0
1708182356555 0.0 0
1708182357057 0.0 0
1708182357563 0.0 0
1708182358007 0.0 0
1708182358623 0.0 0
1708182359091 0.0 0
1708182359557 0.0 0
1708182360036 0.0 0
1708182360488 0.0 0
1708182361078 0.0 0
1708182361545 0.0 0
1708182361981 0.0 0
1708182362459 0.0 0
1708182362922 0.0 0
1708182363516 0.0 0
1708182363984 0.0 0
1708182364432 0.0 0
1708182364903 0.0 0
1708182365391 0.0 0
1708182365950 0.0 0
1708182366414 0.0 0
1708182366860 0.0 0
1708182367319 0.0 0
1708182367780 0.0 0
