1708182126297 0.6093771614526448 0
1708182127004 0.648834471639834 0
1708182127453 0.6019528241533982 0
1708182127898 0.5858846973431738 0
1708182128404 0.5751137090356726 0
1708182128936 0.5687733178860263 0
1708182129510 0.6885944071568941 0
1708182129990 0.7524322271347046 0
1708182130471 0.6645979536207098 0
1708182130990 0.6232217581648576 0
1708182131496 0.6201862504607752 0
1708182132079 0.6443005392425939 0
1708182132532 0.6144435782181589 0
1708182132990 0.6098890179081967 0
1708182133517 0.5969016363746241 0
1708182133987 0.5853039183114704 0
1708182134535 0.6899228017581137 0
1708182134986 0.6166976768719522 0
1708182135466 0.5996736539037604 0
1708182135955 0.5892105024111899 0
1708182136446 0.5823360328611574 0
1708182137023 0.6672012053037945 0
1708182137479 0.6002129786892941 0
1708182137954 0.580674758082942 0
1708182138468 0.5709900871703499 0
1708182138978 0.5639408630760092 0
1708182139527 0.6441522083784404 0
1708182140020 0.6068421884586936 0
1708182140467 0.5932792158503282 0
1708182140970 0.5794222135292856 0
1708182141449 0.5665133995445151 0
1708182142072 0.7348259323173099 0
1708182142513 0.6095236738522848 0
1708182142987 0.5989256699879965 0
1708182143485 0.5927932626671262 0
1708182143967 0.5857639279630449 0
1708182144590 0.6635186358502037 0
1708182145062 0.611657893971393 0
1708182145508 0.6025949842051456 0
1708182145997 0.5963341248662848 0
1708182146519 0.5926045100939902 0
1708182147159 0.6364928452592147 0
1708182147671 0.5825563302557719 0
1708182148181 0.5793585967468587 0
1708182148721 0.5716650766369543 0
1708182149183 0.5663693417844019 0
1708182149735 0.9830337668720045 0
1708182150200 0.6506847394140143 0
1708182150811 0.5954925621810713 0
1708182151362 0.5870185000331778 0
1708182151885 0.5783676042368537 0
1708182152540 0.6389506490607011 0
1708182153126 0.6073773377820065 0
1708182153682 0.5936389581153267 0
1708182154176 0.580590944541128 0
1708182154629 0.5706601942840376 0
1708182155206 0.9400961336336637 0
1708182155683 0.6883431892645987 0
1708182156123 0.6648690057428259 0
1708182156602 0.6535174034928021 0
1708182157098 0.6450133347197583 0
1708182157692 0.6424833536148071 0
1708182158151 0.6018304997368863 0
1708182158629 0.5880050761135001 0
1708182159103 0.5844522255815958 0
1708182159560 0.5787829431264024 0
1708182160220 0.6751600660775837 0
1708182160852 0.6095090100639745 0
1708182161388 0.5967610454873035 0
1708182161853 0.5911765247583389 0
1708182162357 0.5883799144311955 0
1708182162981 0.6329373560453716 0
1708182163546 0.5828640429597152 0
1708182164065 0.5687390322747984 0
1708182164675 0.5637870030967813 0
1708182165181 0.5506844402928102 0
1708182165737 0.7802976840420773 0
1708182166221 0.675345640433462 0
1708182166715 0.6673288125740854 0
1708182167162 0.6666050992513958 0
1708182167678 0.6624869892471715 0
1708182168240 0.6830275886588626 0
1708182168692 0.6797189745638106 0
1708182169167 0.6779614289601644 0
1708182169639 0.6735196510950724 0
1708182170080 0.6585562030474345 0
1708182170650 0.6799671273482474 0
1708182171202 0.614291925179331 0
1708182171729 0.5996862273467215 0
1708182172199 0.5927015809636367 0
1708182172761 0.5832582163183313 0
1708182173347 0.6500880090813888 0
1708182173831 0.5886257306525582 0
1708182174274 0.5707651368881527 0
1708182174745 0.557427474542668 0
1708182175253 0.5470756833490572 0
1708182175877 0.6540076309128812 0
1708182176350 0.6107610464096069 0
1708182176829 0.596703827381134 0
1708182177311 0.5856528905661482 0
1708182177786 0.5742885878211573 0
1708182178363 0.6759130327325118 0
1708182178813 0.6662832718146475 0
1708182179248 0.6565195839656027 0
1708182179787 0.6494783743431694 0
1708182180271 0.643189361220912 0
1708182180915 0.7093660392259297 0
1708182181419 0.6308907615511041 0
1708182181923 0.620875735031931 0
1708182182426 0.5969657513656115 0
1708182182874 0.5909013254077811 0
1708182183486 0.6788191889461718 0
1708182183981 0.670221397751256 0
1708182184524 0.6699362616789969 0
1708182185108 0.6668766203679537 0
1708182185656 0.654769335922442 0
1708182186364 0.6912883488755477 0
1708182186942 0.6026362839498018 0
1708182187472 0.5953147897594854 0
1708182188028 0.5921893574689564 0
1708182188565 0.5829917568909494 0
1708182189275 0.6805520841949865 0
1708182189809 0.6233202893483011 0
1708182190304 0.6114110021214736 0
1708182190799 0.6020327351595226 0
1708182191332 0.5927960355030862 0
1708182192038 0.6775895576728018 0
1708182192531 0.65940534127386 0
1708182192972 0.6529548230924105 0
1708182193467 0.6430999134716234 0
1708182193912 0.6353554584478077 0
1708182194488 0.6799041198359596 0
1708182194973 0.6392209231853485 0
1708182195430 0.6274876263406541 0
1708182195892 0.6202062997553084 0
1708182196337 0.6129296123981476 0
1708182196938 0.7774868983971445 0
1708182197399 0.5873119109555295 0
1708182197880 0.5753157856433015 0
1708182198391 0.567621300095006 0
1708182198890 0.5636564481415247 0
1708182199525 0.6976329841111836 0
1708182200053 0.671183168888092 0
1708182200518 0.6692923338789689 0
1708182200991 0.6652324670239499 0
1708182201561 0.6613059843841352 0
1708182202299 0.6504535690734261 0
1708182202814 0.5956053686769385 0
1708182203338 0.5779071763942116 0
1708182203858 0.5649674189718146 0
1708182204354 0.5691452708683515 0
1708182204946 0.6374798981766951 0
1708182205427 0.5898421814567164 0
1708182205873 0.573075178422426 0
1708182206408 0.5587619362693084 0
1708182206885 0.5536261679310548 0
1708182207516 0.788365407993919 0
1708182208037 0.6655353731230685 0
1708182208492 0.6262791117555216 0
1708182208958 0.6065472282077137 0
1708182209419 0.5961651449140749 0
1708182210013 0.653926316060518 0
1708182210497 0.5882246211955422 0
1708182210947 0.5713776334335929 0
1708182211418 0.560344641145907 0
1708182211880 0.5510276971678985 0
1708182212511 0.6547952984508715 0
1708182213042 0.6080617841921354 0
1708182213523 0.5982140475197842 0
1708182213984 0.5877558934061151 0
1708182214423 0.5794867057549326 0
1708182214986 0.6463349885062167 0
1708182215422 0.6059791743755341 0
1708182215879 0.5942485183477402 0
1708182216344 0.583917047632368 0
1708182216816 0.5779486031908738 0
1708182217412 0.7014717773387307 0
1708182217871 0.6212625221202248 0
1708182218326 0.600546375701302 0
1708182218757 0.5899098484139693 0
1708182219373 0.5815482743476567 0
1708182220010 0.6927651762962341 0
1708182220513 0.6457864774598016 0
1708182220994 0.614868723683887 0
1708182221419 0.6053012675709195 0
1708182221855 0.5908309916655222 0
1708182222477 0.7295302780050981 0
1708182222982 0.6356858736590335 0
1708182223457 0.6206377352538862 0
1708182223921 0.611237780828225 0
1708182224442 0.6044486423856333 0
1708182225131 0.9777542415418123 0
1708182225687 0.6801385032503229 0
1708182226180 0.6392572145713004 0
1708182226660 0.6132793332401075 0
1708182227155 0.5994408883546528 0
1708182227755 0.6948179649679285 0
1708182228260 0.5962872536558854 0
1708182228758 0.581357689280259 0
1708182229289 0.5737923148431276 0
1708182229773 0.5729054824302071 0
1708182230378 0.7077043574107321 0
1708182230874 0.5942612419787207 0
1708182231367 0.5822351904291856 0
1708182231818 0.5694559702747747 0
1708182232314 0.5618988348073081 0
1708182232882 0.7922297590657285 0
1708182233388 0.647738912534949 0
1708182233850 0.6398509319314096 0
1708182234297 0.6353335519854323 0
1708182234778 0.6329402674179475 0
1708182235398 0.6359360218048096 0
1708182235885 0.5985303395672849 0
1708182236369 0.5964851598990591 0
1708182236931 0.5835424543995607 0
1708182237421 0.5690229672350382 0
1708182238117 0.6678413780112016 0
1708182238634 0.605649894005374 0
1708182239134 0.5914492011070251 0
1708182239577 0.5835499583106292 0
1708182240007 0.5798463225364685 0
1708182240619 0.6550553362620505 0
1708182241078 0.5910700849796596 0
1708182241538 0.5828732165851092 0
1708182242036 0.5798837911141547 0
1708182242515 0.576024725641075 0
1708182243109 0.647003344799343 0
1708182243596 0.6093736604640358 0
1708182244050 0.5945360095877397 0
1708182244511 0.5835498061619306 0
1708182244995 0.5723543959228616 0
1708182245584 0.6530321935812632 0
1708182246028 0.6285994317796495 0
1708182246484 0.6183366808626387 0
1708182246942 0.6118458608786265 0
1708182247453 0.6073096593221029 0
1708182248080 0.6690460537609301 0
1708182248621 0.6264789731878984 0
1708182249082 0.6055680168302435 0
1708182249546 0.584456584171245 0
1708182249998 0.5758694920100664 0
1708182250594 0.6317807749698037 0
1708182251070 0.5966642216632241 0
1708182251554 0.5840273166173383 0
1708182252028 0.5683402724956211 0
1708182252470 0.564565051935221 0
1708182253062 0.6466706301036634 0
1708182253545 0.6049422480558094 0
1708182253989 0.5863464553105203 0
1708182254483 0.5785896354600003 0
1708182254949 0.5721834976422159 0
1708182255571 0.6609835812920019 0
1708182256056 0.6236656151319805 0
1708182256530 0.58663036870329 0
1708182257006 0.5777442741550898 0
1708182257437 0.5704619970760847 0
1708182258044 0.74547089714753 0
1708182258526 0.60228590177078 0
1708182258976 0.5857811196168002 0
1708182259421 0.5747950728002348 0
1708182259889 0.5687007404079563 0
1708182260492 0.7697913019280684 0
1708182260971 0.6403150793753172 0
1708182261446 0.6094114466717369 0
1708182261896 0.5910797495591013 0
1708182262360 0.5865822105031264 0
1708182262924 0.6750581013528925 0
1708182263379 0.6612847980700041 0
1708182263841 0.6481195845102009 0
1708182264344 0.6310782181589227 0
1708182264838 0.6239064069170701 0
1708182265436 0.6808872348383853 0
1708182265917 0.6741291127706829 0
1708182266384 0.6706951166454115 0
1708182266856 0.6718184665629738 0
1708182267363 0.6696710962998239 0
1708182267962 0.6216088000096773 0
1708182268433 0.6077663772984555 0
1708182268901 0.5978028115473295 0
1708182269407 0.586202494407955 0
1708182269884 0.5671495324686954 0
1708182270508 0.9677800569269392 0
1708182270953 0.6892039246029324 0
1708182271409 0.678669144709905 0
1708182271870 0.6730071041319106 0
1708182272352 0.6635282337665558 0
1708182272948 0.6385757985867953 0
1708182273451 0.6177842742518375 0
1708182273910 0.6076542688043494 0
1708182274380 0.6001155721513849 0
1708182274832 0.5918193945759221 0
1708182275477 0.6677549418650175 0
1708182275986 0.613070033098522 0
1708182276470 0.5894923272885775 0
1708182276920 0.5784608831531123 0
1708182277410 0.5698984837845752 0
1708182278010 0.7066368131261123 0
1708182278465 0.5919716860118666 0
1708182278912 0.584149536333586 0
1708182279363 0.5766613522642537 0
1708182279791 0.5745717340001935 0
1708182280396 0.7662340763368105 0
1708182280894 0.605175215162729 0
1708182281333 0.5938773715966627 0
1708182281760 0.5863066060762656 0
1708182282233 0.5811835439189484 0
1708182282799 0.6113927176124171 0
1708182283265 0.5716167966786184 0
1708182283732 0.5728069794805426 0
1708182284180 0.5637916544158208 0
1708182284670 0.5500587121044335 0
1708182285272 0.686977251579887 0
1708182285725 0.666418803365607 0
1708182286183 0.6592928233899569 0
1708182286653 0.6593362061600936 0
1708182287116 0.6549970091957795 0
1708182287704 0.672112546469036 0
1708182288170 0.6610833312335768 0
1708182288654 0.6462768049616563 0
1708182289180 0.6312360465526581 0
1708182289642 0.6186799955995459 0
1708182290276 0.6345934365925036 0
1708182290767 0.6026438741307509 0
1708182291261 0.5877439222837749 0
1708182291713 0.5781944770562021 0
1708182292170 0.5694051859410185 0
1708182292734 0.6748562612031636 0
1708182293213 0.6677057586218181 0
1708182293676 0.6678829287227831 0
1708182294108 0.6631876308667032 0
1708182294557 0.6550088681672749 0
1708182295178 0.6831184691852994 0
1708182295632 0.6279820170667436 0
1708182296086 0.6059695151117113 0
1708182296509 0.5840134488211738 0
1708182296966 0.5684672279490365 0
1708182297558 0.6825734627874274 0
1708182298014 0.6301675595735249 0
1708182298483 0.6199783322058225 0
1708182298925 0.6116470490631304 0
1708182299400 0.6059350826238331 0
1708182299981 0.6052219632424807 0
1708182300428 0.5872161325655485 0
1708182300875 0.572751887534794 0
1708182301326 0.5700416737481168 0
1708182301775 0.5734321388759112 0
1708182302390 0.6683933138847351 0
1708182302851 0.6070225677992168 0
1708182303344 0.5899269478885751 0
1708182303834 0.5875565684155414 0
1708182304327 0.5877784631754223 0
1708182304922 0.6686707797803377 0
1708182305405 0.6653703294302288 0
1708182305876 0.6607040778586739 0
1708182306349 0.6562839040630742 0
1708182306770 0.6444159008954701 0
1708182307309 0.7815077963628267 0
1708182307742 0.7169258218062552 0
1708182308204 0.7500201955829796 0
1708182308692 0.6463896902768236 0
1708182309164 0.6371230307574335 0
1708182309769 0.7053162596727672 0
1708182310232 0.598094714315314 0
1708182310701 0.5843092697231393 0
1708182311137 0.5737069394243391 0
1708182311608 0.5679119809677726 0
1708182312201 0.6716851874401695 0
1708182312643 0.6574362296807138 0
1708182313098 0.6508567866526151 0
1708182313553 0.6343262195587158 0
1708182313990 0.61807928587261 0
1708182314603 0.649648274246015 0
1708182315068 0.5942643284797668 0
1708182315524 0.5867350909270739 0
1708182315966 0.5847903576336408 0
1708182316412 0.571741952707893 0
1708182316978 1.0007899466313814 0
1708182317466 0.70473586571844 0
1708182317912 0.6703770160675049 0
1708182318344 0.6699948593189842 0
1708182318796 0.6665031847200895 0
1708182319366 1.2489559186829462 0
1708182319818 0.6968483295705583 0
1708182320240 0.6880214015642802 0
1708182320675 0.6802510586049821 0
1708182321119 0.6688511272271475 0
1708182321706 0.7286230827632704 0
1708182322165 0.6767829844826146 0
1708182322586 0.6451502050224104 0
1708182323035 0.6181043276661321 0
1708182323492 0.6043319960958079 0
1708182324099 0.6272377199248264 0
1708182324556 0.5884213675009576 0
1708182325005 0.5793058095793975 0
1708182325486 0.5707768817481241 0
1708182325964 0.5647927801075735 0
1708182326546 0.6251674168988278 0
1708182327026 0.5902487510129025 0
1708182327502 0.5714911442053946 0
1708182327947 0.5569436385443336 0
1708182328401 0.5524204161606336 0
1708182329215 0.6143602760214555 0
1708182329690 0.5843321398684853 0
1708182330170 0.5770414157917625 0
1708182330657 0.5724389537384635 0
1708182331136 0.5596013037781966 0
1708182331703 0.9199622210703398 0
1708182332194 0.6133615235356908 0
1708182332677 0.6012787715973038 0
1708182333114 0.572536964067503 0
1708182333621 0.5688709804886266 0
1708182334220 0.9199440259682504 0
1708182334663 0.7011455736662212 0
1708182335113 0.607206277157131 0
1708182335583 0.590609632040325 0
1708182336060 0.5790365197156605 0
1708182336620 0.8243907658677352 0
1708182337099 0.6987591134874445 0
1708182337586 0.6537945019571405 0
1708182338052 0.607492142602017 0
1708182338523 0.5990947202632302 0
1708182339104 0.633012763763729 0
1708182339560 0.5978939580289941 0
1708182340014 0.5802994644955585 0
1708182340451 0.5701242540227739 0
1708182340899 0.5617264109222513 0
1708182341514 0.6678086519241333 0
1708182341985 0.6117614758642096 0
1708182342447 0.5972490514579573 0
1708182342924 0.5843031476987036 0
1708182343399 0.570571094751358 0
1708182344002 0.6849772069189284 0
1708182344452 0.6803359422418807 0
1708182344882 0.660508457157347 0
1708182345324 0.6589899294906192 0
1708182345771 0.6448040737046136 0
1708182346343 0.7030310379831415 0
1708182346775 0.6676534414291382 0
1708182347241 0.6550424506789759 0
1708182347710 0.6382844275549838 0
1708182348167 0.6281940576277281 0
1708182348745 1.1059556666173433 0
1708182349216 0.6181653079233671 0
1708182349662 0.590183465104354 0
1708182350135 0.5744523562883076 0
1708182350587 0.5678864678269938 0
1708182351193 0.6945592008138958 0
1708182351669 0.6110468318587855 0
1708182352121 0.6023443419682352 0
1708182352631 0.5926894639667711 0
1708182353086 0.5899502038955688 0
1708182353688 0.6417535574812638 0
1708182354148 0.6089465790673306 0
1708182354594 0.5985048601501867 0
1708182355051 0.5882970831896129 0
1708182355506 0.5785506046132037 0
1708182356073 0.8706403657009727 0
1708182356545 0.6960296599488509 0
1708182357046 0.6528620915977579 0
1708182357555 0.6335387672052571 0
1708182357998 0.6276135619386638 0
1708182358614 0.7548325626473678 0
1708182359081 0.6458846707093088 0
1708182359548 0.6236106345528051 0
1708182360028 0.6169689768239072 0
1708182360480 0.610780866522538 0
1708182361070 0.6457404180576927 0
1708182361536 0.60841093878997 0
1708182361974 0.592055806988164 0
1708182362452 0.5830405934860832 0
1708182362914 0.572494021763927 0
1708182363508 0.6959557501893294 0
1708182363976 0.6086731458965101 0
1708182364424 0.5969348832180625 0
1708182364894 0.5853033159908495 0
1708182365381 0.5763920294611078 0
1708182365942 0.6291125636351736 0
1708182366406 0.5957257684908415 0
1708182366852 0.5840214349721607 0
1708182367311 0.5781809907210501 0
1708182367772 0.5741832570025796 0
