1708189781518 0.6136842105263157 0
1708189782541 0.7177777777777776 0
1708189783249 0.6578947368421052 0
1708189784603 0.6147368421052631 0
1708189785057 0.6147368421052631 0
1708189785512 0.6147368421052631 0
1708189785942 0.6147368421052631 0
1708189787212 0.6263157894736843 0
1708189787677 0.6621052631578946 0
1708189788135 0.7221052631578948 0
1708189788640 0.7221052631578948 0
1708189789209 0.5526315789473685 0
1708189790146 0.7066666666666666 0
1708189790890 0.728421052631579 0
1708189791542 0.6 0
1708189792119 0.6263157894736843 0
1708189792567 0.6884210526315789 0
1708189793392 0.5700000000000001 0
1708189794553 0.6094736842105264 0
1708189795058 0.6094736842105264 0
1708189795557 0.6094736842105264 0
1708189796122 0.723157894736842 0
1708189796976 0.6557894736842105 0
1708189797728 0.6094736842105263 0
1708189798568 0.7288888888888889 0
1708189799299 0.6305263157894737 0
1708189799825 0.6147368421052631 0
1708189800298 0.6147368421052631 0
1708189801667 0.7347368421052631 0
1708189802157 0.7378947368421053 0
