1708189781534 0.6093771802751642 0
1708189782551 0.5961410403251648 0
1708189783259 0.5805821905010625 0
1708189784616 0.67257138929869 0
1708189785068 0.6618541918302837 0
1708189785522 0.6557384933296003 0
1708189785951 0.6433335574049699 0
1708189787224 0.6126539142508256 0
1708189787686 0.591855736155259 0
1708189788169 0.5722066446354515 0
1708189788651 0.5566675161060534 0
1708189789221 0.6383019309294852 0
1708189790158 0.6044838693406847 0
1708189790902 0.5903476806063401 0
1708189791553 0.6380663540483894 0
1708189792128 0.626660273263329 0
1708189792578 0.5780811160802841 0
1708189793402 0.6100704107019637 0
1708189794563 0.6749296533434015 0
1708189795066 0.6729140783611097 0
1708189795567 0.6706392294482181 0
1708189796132 0.6008296561868567 0
1708189796986 0.5956590834416842 0
1708189797737 0.6679890877322147 0
1708189798578 0.5795820305744807 0
1708189799308 0.6049961275175998 0
1708189799835 0.6615962919436003 0
1708189800309 0.646523052140286 0
1708189801677 0.5860292723304347 0
1708189802167 0.5680404007434845 0
