1708189781528 0.0 0
1708189782547 0.0 0
1708189783255 0.0 0
1708189784611 0.0 0
1708189785064 0.0 0
1708189785518 0.0 0
1708189785947 0.0 0
1708189787220 0.0 0
1708189787682 0.0 0
1708189788163 0.0 0
1708189788646 0.0 0
1708189789217 0.0 0
1708189790154 0.0 0
1708189790897 0.0 0
1708189791549 0.0 0
1708189792124 0.0 0
1708189792573 0.0 0
1708189793398 0.0 0
1708189794559 0.0 0
1708189795063 0.0 0
1708189795563 0.0 0
1708189796127 0.0 0
1708189796983 0.0 0
1708189797734 0.0 0
1708189798574 0.0 0
1708189799304 0.0 0
1708189799831 0.0 0
1708189800305 0.0 0
1708189801673 0.0 0
1708189802164 0.0 0
