1708189781515 0.6093771802751642 0
1708189782537 0.5961410403251648 0
1708189783246 0.5805821905010625 0
1708189784599 0.67257138929869 0
1708189785054 0.6618541918302837 0
1708189785509 0.6557384933296003 0
1708189785938 0.6433335574049699 0
1708189787209 0.6126539142508256 0
1708189787674 0.591855736155259 0
1708189788131 0.5722066446354515 0
1708189788636 0.5566675161060534 0
1708189789206 0.6383019309294852 0
1708189790143 0.6044838693406847 0
1708189790887 0.5903476806063401 0
1708189791539 0.6380663540483894 0
1708189792116 0.626660273263329 0
1708189792563 0.5780811160802841 0
1708189793388 0.6100704107019637 0
1708189794550 0.6749296533434015 0
1708189795054 0.6729140783611097 0
1708189795553 0.6706392294482181 0
1708189796118 0.6008296561868567 0
1708189796972 0.5956590834416842 0
1708189797725 0.6679890877322147 0
1708189798565 0.5795820305744807 0
1708189799297 0.6049961275175998 0
1708189799821 0.6615962919436003 0
1708189800295 0.646523052140286 0
1708189801664 0.5860292723304347 0
1708189802154 0.5680404007434845 0
