1707853758643 0.4277777777777778 0
1707853759186 0.5433333333333334 0
1707853759674 0.5700000000000001 0
1707853760281 0.5733333333333334 0
1707853760857 0.5722222222222224 0
1707853761431 0.5722222222222224 0
1707853762224 0.5733333333333335 0
1707853763070 0.5744444444444445 0
1707853763771 0.5744444444444445 0
1707853764328 0.5744444444444445 0
1707853764887 0.5744444444444445 0
1707853765405 0.5744444444444445 0
1707853765905 0.5744444444444445 0
1707853766494 0.5744444444444444 0
1707853767068 0.5733333333333334 0
1707853767581 0.5744444444444444 0
1707853768022 0.62 0
1707853768492 0.69 0
1707853768940 0.7177777777777777 0
1707853769363 0.7166666666666667 0
1707853769774 0.7233333333333334 0
1707853770194 0.7311111111111112 0
1707853770786 0.7277777777777779 0
1707853771239 0.72 0
1707853771671 0.701111111111111 0
1707853772090 0.7277777777777777 0
1707853772552 0.7322222222222223 0
1707853772985 0.7366666666666667 0
1707853773403 0.7455555555555555 0
1707853773819 0.7477777777777778 0
1707853774259 0.7466666666666666 0
1707853774677 0.7477777777777778 0
1707853775095 0.7477777777777779 0
1707853775545 0.7488888888888889 0
1707853775980 0.7444444444444445 0
1707853776402 0.7422222222222222 0
1707853776831 0.7422222222222222 0
1707853777248 0.741111111111111 0
1707853777683 0.7422222222222223 0
1707853778204 0.7511111111111111 0
1707853778685 0.731111111111111 0
1707853779133 0.7388888888888889 0
1707853779562 0.7477777777777778 0
1707853779981 0.7522222222222222 0
1707853780432 0.7644444444444444 0
1707853780867 0.7633333333333333 0
1707853781286 0.7677777777777778 0
1707853781711 0.7733333333333333 0
1707853782141 0.7811111111111112 0
1707853782580 0.7811111111111112 0
1707853783028 0.7822222222222224 0
1707853783464 0.7822222222222223 0
1707853783875 0.7822222222222224 0
1707853784298 0.7833333333333334 0
1707853784729 0.7766666666666667 0
1707853785148 0.7733333333333334 0
1707853785580 0.7666666666666667 0
1707853786008 0.7733333333333334 0
1707853786518 0.7688888888888888 0
1707853786947 0.7777777777777778 0
1707853787367 0.7633333333333334 0
1707853787838 0.7688888888888888 0
1707853788271 0.7733333333333334 0
1707853788706 0.7733333333333334 0
1707853789111 0.77 0
1707853789542 0.7755555555555556 0
1707853789999 0.7811111111111111 0
1707853790407 0.7866666666666666 0
1707853790845 0.7855555555555556 0
1707853791299 0.7888888888888889 0
1707853791703 0.7888888888888889 0
1707853792131 0.7888888888888889 0
1707853792874 0.603157894736842 0
1707853793349 0.6031578947368421 0
1707853793819 0.6042105263157895 0
1707853794294 0.6031578947368421 0
1707853794730 0.6031578947368421 0
1707853795174 0.6210526315789474 0
1707853795606 0.6842105263157895 0
1707853796051 0.7063157894736841 0
1707853796494 0.708421052631579 0
1707853796937 0.7168421052631578 0
1707853797407 0.7157894736842105 0
1707853797870 0.7157894736842105 0
1707853798311 0.7157894736842104 0
1707853798765 0.7210526315789473 0
1707853799213 0.7315789473684211 0
1707853799668 0.7294736842105264 0
1707853800101 0.7357894736842105 0
1707853800548 0.7263157894736841 0
1707853801001 0.7200000000000001 0
1707853801450 0.7378947368421053 0
1707853801900 0.7368421052631579 0
1707853802451 0.7347368421052631 0
1707853802910 0.7347368421052632 0
1707853803356 0.716842105263158 0
1707853803791 0.7421052631578948 0
1707853804270 0.7273684210526316 0
1707853804743 0.7526315789473684 0
1707853805383 0.7463157894736842 0
1707853805823 0.7578947368421053 0
1707853806392 0.7547368421052632 0
1707853806911 0.7557894736842105 0
1707853807423 0.7568421052631579 0
1707853807962 0.7557894736842105 0
1707853808458 0.7536842105263158 0
1707853808930 0.7536842105263157 0
1707853809361 0.751578947368421 0
1707853809829 0.7515789473684211 0
1707853810315 0.7357894736842105 0
1707853810768 0.7515789473684211 0
1707853811245 0.7294736842105263 0
1707853811805 0.7568421052631579 0
1707853812369 0.7347368421052632 0
1707853812902 0.7536842105263157 0
1707853813398 0.7536842105263157 0
1707853813908 0.7410526315789473 0
1707853814392 0.7610526315789472 0
1707853814879 0.7610526315789474 0
1707853815361 0.7642105263157895 0
1707853815854 0.7663157894736843 0
1707853816374 0.7663157894736843 0
1707853816873 0.768421052631579 0
1707853817320 0.768421052631579 0
1707853817747 0.768421052631579 0
1707853818169 0.7663157894736843 0
1707853818607 0.7642105263157895 0
1707853819034 0.7631578947368421 0
1707853819458 0.7621052631578947 0
1707853819878 0.7578947368421052 0
1707853820305 0.754736842105263 0
1707853820775 0.7484210526315789 0
1707853821215 0.7589473684210525 0
1707853821656 0.7578947368421052 0
1707853822101 0.7536842105263158 0
1707853822554 0.7494736842105263 0
1707853822993 0.7589473684210526 0
1707853823432 0.771578947368421 0
1707853823905 0.7736842105263158 0
1707853824358 0.7726315789473684 0
1707853824794 0.7757894736842106 0
1707853825262 0.7810526315789473 0
1707853825694 0.7810526315789473 0
1707853826165 0.7810526315789473 0
1707853826588 0.7778947368421052 0
1707853827041 0.7789473684210527 0
1707853827496 0.7789473684210527 0
1707853827934 0.7757894736842106 0
1707853828363 0.7526315789473684 0
1707853828793 0.7652631578947369 0
1707853829252 0.7831578947368422 0
1707853829709 0.7747368421052632 0
1707853830154 0.7736842105263159 0
1707853830584 0.776842105263158 0
1707853831009 0.7547368421052632 0
1707853831457 0.7736842105263158 0
1707853831917 0.7631578947368421 0
1707853832360 0.7789473684210526 0
1707853832849 0.7831578947368422 0
1707853833288 0.7905263157894737 0
1707853833727 0.7852631578947369 0
1707853834179 0.7852631578947369 0
1707853834609 0.7852631578947369 0
1707853835118 0.7852631578947369 0
1707853835593 0.7863157894736842 0
1707853836089 0.7873684210526315 0
1707853836548 0.7842105263157895 0
1707853836977 0.7821052631578947 0
1707853837397 0.7842105263157896 0
1707853837811 0.7852631578947369 0
1707853838255 0.7852631578947369 0
1707853838687 0.7873684210526316 0
1707853839120 0.7947368421052631 0
1707853839569 0.7905263157894736 0
1707853840011 0.7831578947368422 0
1707853840438 0.783157894736842 0
1707853840881 0.7905263157894736 0
1707853841331 0.7989473684210526 0
1707853841770 0.8010526315789473 0
1707853842227 0.8010526315789475 0
1707853842705 0.8021052631578949 0
1707853843179 0.8052631578947369 0
1707853843616 0.8042105263157895 0
1707853844069 0.8042105263157895 0
1707853844531 0.8042105263157895 0
1707853844985 0.8021052631578947 0
1707853845434 0.8052631578947369 0
1707853845875 0.8021052631578947 0
1707853846308 0.8031578947368422 0
1707853846733 0.8021052631578949 0
1707853847164 0.7926315789473685 0
1707853847607 0.7957894736842106 0
1707853848064 0.8021052631578948 0
1707853848498 0.7968421052631579 0
1707853848958 0.7978947368421052 0
1707853849411 0.7989473684210527 0
1707853849848 0.8000000000000002 0
1707853850284 0.8094736842105262 0
1707853850750 0.8073684210526316 0
1707853851186 0.8136842105263158 0
1707853851624 0.8231578947368421 0
1707853852066 0.8231578947368421 0
1707853852689 0.6294736842105263 0
1707853853159 0.6473684210526316 0
1707853853608 0.6663157894736842 0
1707853854086 0.6536842105263158 0
1707853854607 0.671578947368421 0
1707853855073 0.6947368421052631 0
1707853855517 0.7094736842105263 0
1707853855971 0.7147368421052631 0
1707853856405 0.7263157894736842 0
1707853856865 0.7347368421052632 0
1707853857331 0.7357894736842105 0
1707853857786 0.7378947368421053 0
1707853858251 0.7494736842105262 0
1707853858704 0.7536842105263157 0
1707853859168 0.7494736842105262 0
1707853859636 0.7621052631578946 0
1707853860106 0.7694736842105264 0
1707853860556 0.7673684210526316 0
1707853860985 0.7589473684210526 0
1707853861443 0.7663157894736842 0
1707853861924 0.7621052631578948 0
1707853862392 0.7673684210526316 0
1707853862840 0.7610526315789474 0
1707853863280 0.7736842105263158 0
1707853863728 0.7789473684210526 0
1707853864166 0.7789473684210527 0
1707853864624 0.7863157894736843 0
1707853865068 0.7778947368421053 0
1707853865533 0.7821052631578947 0
1707853865962 0.7863157894736842 0
1707853866413 0.7842105263157895 0
1707853866897 0.7831578947368422 0
1707853867348 0.7842105263157895 0
1707853867808 0.7852631578947369 0
1707853868260 0.7936842105263159 0
1707853868701 0.7821052631578947 0
1707853869165 0.7852631578947369 0
1707853869592 0.788421052631579 0
1707853870035 0.7842105263157895 0
1707853870465 0.78 0
1707853870926 0.7757894736842106 0
1707853871396 0.783157894736842 0
1707853871834 0.7778947368421052 0
1707853872269 0.7863157894736843 0
1707853872710 0.791578947368421 0
1707853873148 0.7894736842105263 0
1707853873599 0.7999999999999999 0
1707853874052 0.7968421052631579 0
1707853874514 0.7947368421052631 0
1707853874976 0.8031578947368422 0
1707853875431 0.8 0
1707853875869 0.7989473684210526 0
1707853876344 0.7989473684210526 0
1707853876785 0.7999999999999999 0
1707853877230 0.8010526315789473 0
1707853877692 0.7873684210526316 0
1707853878135 0.7894736842105263 0
1707853878579 0.7926315789473685 0
1707853879064 0.7978947368421053 0
1707853879511 0.7778947368421052 0
1707853879965 0.7505263157894737 0
1707853880393 0.7421052631578947 0
1707853880834 0.7663157894736842 0
1707853881270 0.771578947368421 0
1707853881720 0.7757894736842105 0
1707853882191 0.7936842105263157 0
1707853882625 0.788421052631579 0
1707853883098 0.788421052631579 0
1707853883535 0.7873684210526315 0
1707853884009 0.7884210526315789 0
1707853884447 0.7884210526315789 0
1707853884910 0.7873684210526315 0
1707853885360 0.7884210526315789 0
1707853885802 0.7852631578947369 0
1707853886244 0.7842105263157895 0
1707853886712 0.7905263157894736 0
1707853887169 0.7863157894736843 0
1707853887617 0.7873684210526315 0
1707853888048 0.7884210526315789 0
1707853888494 0.7905263157894736 0
1707853888929 0.7852631578947368 0
1707853889352 0.791578947368421 0
1707853889781 0.7978947368421053 0
1707853890230 0.7978947368421053 0
1707853890680 0.808421052631579 0
1707853891137 0.8063157894736842 0
1707853891565 0.8021052631578948 0
1707853892006 0.8000000000000002 0
1707853892465 0.8084210526315789 0
1707853892930 0.8063157894736842 0
1707853893360 0.8052631578947369 0
1707853893799 0.8063157894736842 0
1707853894242 0.8073684210526316 0
1707853894701 0.8063157894736842 0
1707853895166 0.8042105263157895 0
1707853895601 0.8063157894736842 0
1707853896053 0.7978947368421053 0
1707853896504 0.8063157894736842 0
1707853896988 0.8042105263157895 0
1707853897447 0.7905263157894736 0
1707853897904 0.7947368421052631 0
1707853898337 0.7799999999999999 0
1707853898783 0.7863157894736842 0
1707853899248 0.7947368421052632 0
1707853899697 0.7989473684210526 0
1707853900151 0.8010526315789473 0
1707853900587 0.8094736842105262 0
1707853901235 0.6094736842105263 0
1707853901678 0.6084210526315789 0
1707853902133 0.6094736842105263 0
1707853902575 0.6084210526315789 0
1707853903018 0.6147368421052631 0
