1707853758661 1.7399825553099315 0
1707853759200 0.6950775914722018 0
1707853759687 0.6712049146493276 0
1707853760302 0.6549205945597755 0
1707853760873 0.6414074632856581 0
1707853761457 0.6329207883940803 0
1707853762240 0.6272794504960378 0
1707853763089 0.6234635909398397 0
1707853763789 0.6211729778183831 0
1707853764345 0.6200774510701498 0
1707853764899 0.6198415093951755 0
1707853765416 0.619691057337655 0
1707853765916 0.6189789970715841 0
1707853766510 0.6173215508460999 0
1707853767086 0.6147655149300894 0
1707853767592 0.6126984225379096 0
1707853768034 0.6107856896188524 0
1707853768504 0.6055709189838834 0
1707853768950 0.5932551109128528 0
1707853769372 0.568240236904886 0
1707853769784 0.5493172307809194 0
1707853770204 0.5399594604969025 0
1707853770801 0.5358748071723514 0
1707853771253 0.5461373180150986 0
1707853771681 0.5570584138234457 0
1707853772100 0.5398606558640798 0
1707853772561 0.5280590007702509 0
1707853772995 0.5236263755295012 0
1707853773412 0.520530589752727 0
1707853773829 0.5190612276395162 0
1707853774268 0.5186154974831475 0
1707853774685 0.5186104459895028 0
1707853775105 0.5185128218597836 0
1707853775556 0.519330812825097 0
1707853775989 0.520679020219379 0
1707853776411 0.5246670924954944 0
1707853776840 0.5306229905949699 0
1707853777261 0.5316838605536355 0
1707853777691 0.5328576746914122 0
1707853778218 0.5189116845528284 0
1707853778695 0.5499616927570767 0
1707853779142 0.5395015660259459 0
1707853779571 0.5388039847215017 0
1707853779993 0.5287416643566556 0
1707853780441 0.5154363363981247 0
1707853780877 0.5151745345857408 0
1707853781295 0.5074887441264259 0
1707853781720 0.49837814933723873 0
1707853782150 0.49642248617278206 0
1707853782591 0.4945918917655945 0
1707853783037 0.4941619022025002 0
1707853783474 0.4941649917099211 0
1707853783885 0.4943592929177814 0
1707853784307 0.49442916446261936 0
1707853784738 0.4963621298472087 0
1707853785158 0.49974889390998417 0
1707853785590 0.5031263083219528 0
1707853786019 0.5033794956074821 0
1707853786529 0.5179839829603831 0
1707853786957 0.5004958278603024 0
1707853787377 0.515626041425599 0
1707853787846 0.506579824619823 0
1707853788280 0.49962350229422253 0
1707853788714 0.4944624884261025 0
1707853789119 0.494661839471923 0
1707853789553 0.4921138634284337 0
1707853790008 0.4834635804096858 0
1707853790417 0.4734925561481052 0
1707853790856 0.47114071912235683 0
1707853791309 0.4688691049814224 0
1707853791713 0.4682956486940384 0
1707853792139 0.4685420443614324 0
1707853792883 0.6494688187774859 0
1707853793359 0.5969579360987011 0
1707853793832 0.5843299792001122 0
1707853794305 0.5790860948986128 0
1707853794739 0.5788427252126368 0
1707853795184 0.5713774566783717 0
1707853795617 0.5631283697133002 0
1707853796059 0.5574328020018967 0
1707853796504 0.5533000631748062 0
1707853796948 0.5511811691287317 0
1707853797420 0.5507050782049957 0
1707853797879 0.5507003161075869 0
1707853798322 0.5506045186009846 0
1707853798777 0.5505878634652809 0
1707853799223 0.5517189640943941 0
1707853799677 0.5520663543751365 0
1707853800111 0.5505290715710113 0
1707853800559 0.55261658168839 0
1707853801013 0.5474243087596015 0
1707853801462 0.543891937913079 0
1707853801908 0.5725872469575781 0
1707853802462 0.5429604092710897 0
1707853802922 0.5286986794518796 0
1707853803365 0.5389328206840315 0
1707853803800 0.5172546509849397 0
1707853804278 0.5271695413087544 0
1707853804772 0.5019069637515043 0
1707853805395 0.505607184022665 0
1707853805832 0.4906441420316696 0
1707853806405 0.48853318304999876 0
1707853806924 0.4879915457905123 0
1707853807436 0.48812782083098827 0
1707853807976 0.48857616657685293 0
1707853808468 0.489492315504896 0
1707853808941 0.49196892604231834 0
1707853809370 0.49728103540837765 0
1707853809840 0.49806881406785625 0
1707853810326 0.5144709964331827 0
1707853810779 0.5097627066271869 0
1707853811254 0.5292104372852727 0
1707853811818 0.5330478334110108 0
1707853812386 0.5199975669384003 0
1707853812912 0.497295326044734 0
1707853813409 0.49550570714238446 0
1707853813923 0.4998729612776323 0
1707853814404 0.4841134178660516 0
1707853814890 0.4843186579252544 0
1707853815373 0.47351267126903523 0
1707853815867 0.4715476648845269 0
1707853816388 0.46895961380735235 0
1707853816883 0.46832268019696993 0
1707853817331 0.4682533361299552 0
1707853817756 0.4680497863476998 0
1707853818178 0.46918781677040416 0
1707853818619 0.4718667205888778 0
1707853819043 0.47225421732046496 0
1707853819467 0.4751004819071999 0
1707853819888 0.48335619549585607 0
1707853820314 0.48870315315741064 0
1707853820788 0.49154354321868404 0
1707853821224 0.48492400751351133 0
1707853821665 0.4850279705378374 0
1707853822112 0.48289537136320415 0
1707853822562 0.4840891330478419 0
1707853823003 0.4727755460557283 0
1707853823441 0.46326528322319255 0
1707853823917 0.4563644376865245 0
1707853824367 0.4507917098449788 0
1707853824807 0.44675842338351923 0
1707853825274 0.44489511324239794 0
1707853825703 0.4443470848215695 0
1707853826174 0.44455658896568867 0
1707853826596 0.4451844589968555 0
1707853827049 0.44691586842772696 0
1707853827506 0.450880621838702 0
1707853827943 0.4572520401132734 0
1707853828373 0.4787625072119561 0
1707853828801 0.48119843959514247 0
1707853829261 0.4653865776245335 0
1707853829718 0.46885499697619754 0
1707853830163 0.4629010716085567 0
1707853830593 0.47354046479602785 0
1707853831017 0.49127073470797195 0
1707853831471 0.4735247456027489 0
1707853831927 0.48835644410236884 0
1707853832371 0.45825749760689705 0
1707853832859 0.4509300719211368 0
1707853833296 0.446017236179231 0
1707853833736 0.44226181969095607 0
1707853834188 0.44090727681147035 0
1707853834618 0.44047911020338926 0
1707853835129 0.4405390872423978 0
1707853835605 0.4407593035874398 0
1707853836100 0.44111473766449644 0
1707853836558 0.4425174285486144 0
1707853836987 0.445500054752062 0
1707853837410 0.4449403813525446 0
1707853837821 0.44949239426856175 0
1707853838266 0.4520677209059757 0
1707853838699 0.4491681212246859 0
1707853839132 0.44597006425886465 0
1707853839576 0.45372782295300185 0
1707853840021 0.4616414918319175 0
1707853840449 0.45649833616947655 0
1707853840891 0.4431736652868016 0
1707853841340 0.43567459621025545 0
1707853841780 0.4285306069681323 0
1707853842238 0.4185981274410886 0
1707853842717 0.4147387492948359 0
1707853843188 0.41259106089312 0
1707853843625 0.4119066845527605 0
1707853844080 0.41202175151250375 0
1707853844540 0.41227618882150735 0
1707853844994 0.4130146957284428 0
1707853845442 0.4138358424993624 0
1707853845886 0.41491915258321616 0
1707853846317 0.418612397974357 0
1707853846742 0.4188454495896095 0
1707853847174 0.43649337640473324 0
1707853847616 0.43339047715371154 0
1707853848073 0.43323793027268137 0
1707853848507 0.4330228017413327 0
1707853848966 0.4335882186362716 0
1707853849419 0.4377880864914531 0
1707853849857 0.43694462175297205 0
1707853850294 0.41851727464113775 0
1707853850760 0.40606932645804544 0
1707853851196 0.39742918245457604 0
1707853851633 0.3914162457436568 0
1707853852074 0.38854471736244467 0
1707853852700 0.6389553923355905 0
1707853853168 0.6000409738013619 0
1707853853618 0.5901761807893452 0
1707853854096 0.5758764473231215 0
1707853854616 0.567558296809071 0
1707853855081 0.5610515051766446 0
1707853855526 0.5560424688615297 0
1707853855979 0.5528618854127432 0
1707853856417 0.5513577018129198 0
1707853856874 0.5503205639359198 0
1707853857343 0.5530813863795054 0
1707853857795 0.5606976288713907 0
1707853858260 0.5605081762922438 0
1707853858713 0.5580694832299885 0
1707853859179 0.5557376279642707 0
1707853859646 0.5538230726593419 0
1707853860116 0.5491336944856142 0
1707853860564 0.5465996881064615 0
1707853860995 0.5469638273904198 0
1707853861454 0.5264997976390939 0
1707853861934 0.5206300541758537 0
1707853862403 0.5219133525694671 0
1707853862849 0.5177538571389098 0
1707853863291 0.49816679768264294 0
1707853863738 0.4852235226058646 0
1707853864175 0.4777422462050852 0
1707853864633 0.4750810423375745 0
1707853865077 0.4744206497347669 0
1707853865541 0.46680884024030284 0
1707853865972 0.46234230657941416 0
1707853866425 0.46168263629078865 0
1707853866909 0.46183934788170616 0
1707853867358 0.46229690180993394 0
1707853867817 0.4637584341689944 0
1707853868271 0.46501846660516766 0
1707853868711 0.4709417892521934 0
1707853869173 0.47093134927318286 0
1707853869601 0.4714564535962908 0
1707853870043 0.4753139719955231 0
1707853870474 0.47554332988434717 0
1707853870936 0.4862192918203379 0
1707853871407 0.4783613181820041 0
1707853871843 0.4742373366300997 0
1707853872279 0.4711509474406117 0
1707853872719 0.4633122045350702 0
1707853873158 0.4557729406086238 0
1707853873611 0.45126619263503115 0
1707853874062 0.4522932533566889 0
1707853874524 0.44092115416730704 0
1707853874985 0.43485831150687054 0
1707853875440 0.43386556541449145 0
1707853875880 0.43384542742646054 0
1707853876353 0.43377183171871464 0
1707853876794 0.43468652006336733 0
1707853877242 0.43898195133691553 0
1707853877701 0.4610670107465826 0
1707853878145 0.4563089485133165 0
1707853878590 0.45401160938567237 0
1707853879072 0.45589377625698324 0
1707853879526 0.47527305703414113 0
1707853879974 0.5306334653379101 0
1707853880401 0.5132089519971296 0
1707853880844 0.488986165826454 0
1707853881280 0.47128533578085663 0
1707853881729 0.4644433974141353 0
1707853882200 0.4604122423027691 0
1707853882634 0.45903789916222815 0
1707853883106 0.4474244289051153 0
1707853883548 0.4430794375948608 0
1707853884020 0.441433104735456 0
1707853884458 0.4410389866924992 0
1707853884920 0.44120414133526775 0
1707853885370 0.4417149151773437 0
1707853885812 0.4424829180107305 0
1707853886256 0.44453996602494855 0
1707853886725 0.44780641187619613 0
1707853887180 0.44689401974411386 0
1707853887628 0.4469301760270211 0
1707853888056 0.45020840908890886 0
1707853888504 0.4427090204369865 0
1707853888938 0.45016180495976615 0
1707853889361 0.4440910740400125 0
1707853889790 0.43975643878557574 0
1707853890240 0.4353923883509675 0
1707853890688 0.429582523206543 0
1707853891147 0.4244280318410969 0
1707853891573 0.425558541319333 0
1707853892016 0.41701602323078796 0
1707853892476 0.410166118514577 0
1707853892940 0.40869149027735385 0
1707853893368 0.4080062216686967 0
1707853893808 0.4078194409559824 0
1707853894251 0.4085835379817964 0
1707853894711 0.40897814781208963 0
1707853895179 0.4098818442833267 0
1707853895613 0.41373004801693913 0
1707853896061 0.4220046001780582 0
1707853896516 0.4210885693074057 0
1707853896997 0.41929328694057305 0
1707853897457 0.44783380186479343 0
1707853897914 0.4447635540640668 0
1707853898348 0.47788880973147524 0
1707853898793 0.4608437339530179 0
1707853899257 0.4392866471194123 0
1707853899709 0.433552047997517 0
1707853900160 0.4302966459164102 0
1707853900596 0.4289580894094941 0
1707853901243 0.6608701599271674 0
1707853901690 0.6294503902134142 0
1707853902143 0.6125256670148749 0
1707853902585 0.6066945226568925 0
1707853903028 0.5994000215279428 0
