1707853758653 0.0 0
1707853759194 0.0 0
1707853759682 0.0 0
1707853760291 0.0 0
1707853760866 0.0 0
1707853761447 0.0 0
1707853762233 0.0 0
1707853763081 0.0 0
1707853763781 0.0 0
1707853764338 0.0 0
1707853764894 0.0 0
1707853765411 0.0 0
1707853765911 0.0 0
1707853766504 0.0 0
1707853767078 0.0 0
1707853767588 0.0 0
1707853768029 0.0 0
1707853768499 0.0 0
1707853768946 0.0 0
1707853769368 0.0 0
1707853769781 0.0 0
1707853770201 0.0 0
1707853770795 0.0 0
1707853771247 0.0 0
1707853771677 0.0 0
1707853772095 0.0 0
1707853772557 0.0 0
1707853772991 0.0 0
1707853773408 0.0 0
1707853773824 0.0 0
1707853774263 0.0 0
1707853774682 0.0 0
1707853775100 0.0 0
1707853775552 0.0 0
1707853775985 0.0 0
1707853776407 0.0 0
1707853776837 0.0 0
1707853777255 0.0 0
1707853777688 0.0 0
1707853778213 0.0 0
1707853778692 0.0 0
1707853779138 0.0 0
1707853779568 0.0 0
1707853779989 0.0 0
1707853780437 0.0 0
1707853780873 0.0 0
1707853781291 0.0 0
1707853781716 0.0 0
1707853782146 0.0 0
1707853782588 0.0 0
1707853783034 0.0 0
1707853783470 0.0 0
1707853783880 0.0 0
1707853784304 0.0 0
1707853784734 0.0 0
1707853785154 0.0 0
1707853785586 0.0 0
1707853786015 0.0 0
1707853786524 0.0 0
1707853786954 0.0 0
1707853787373 0.0 0
1707853787843 0.0 0
1707853788276 0.0 0
1707853788711 0.0 0
1707853789116 0.0 0
1707853789548 0.0 0
1707853790004 0.0 0
1707853790413 0.0 0
1707853790852 0.0 0
1707853791305 0.0 0
1707853791709 0.0 0
1707853792136 0.0 0
1707853792880 0.0 0
1707853793354 0.0 0
1707853793826 0.0 0
1707853794301 0.0 0
1707853794736 0.0 0
1707853795180 0.0 0
1707853795612 0.0 0
1707853796055 0.0 0
1707853796499 0.0 0
1707853796943 0.0 0
1707853797415 0.0 0
1707853797876 0.0 0
1707853798318 0.0 0
1707853798771 0.0 0
1707853799219 0.0 0
1707853799673 0.0 0
1707853800107 0.0 0
1707853800555 0.0 0
1707853801007 0.0 0
1707853801457 0.0 0
1707853801905 0.0 0
1707853802458 0.0 0
1707853802917 0.0 0
1707853803362 0.0 0
1707853803796 0.0 0
1707853804275 0.0 0
1707853804755 0.0 0
1707853805390 0.0 0
1707853805829 0.0 0
1707853806400 0.0 0
1707853806919 0.0 0
1707853807430 0.0 0
1707853807970 0.0 0
1707853808464 0.0 0
1707853808936 0.0 0
1707853809367 0.0 0
1707853809835 0.0 0
1707853810322 0.0 0
1707853810775 0.0 0
1707853811251 0.0 0
1707853811812 0.0 0
1707853812380 0.0 0
1707853812908 0.0 0
1707853813405 0.0 0
1707853813917 0.0 0
1707853814399 0.0 0
1707853814887 0.0 0
1707853815368 0.0 0
1707853815862 0.0 0
1707853816382 0.0 0
1707853816879 0.0 0
1707853817326 0.0 0
1707853817753 0.0 0
1707853818174 0.0 0
1707853818615 0.0 0
1707853819040 0.0 0
1707853819463 0.0 0
1707853819883 0.0 0
1707853820310 0.0 0
1707853820783 0.0 0
1707853821221 0.0 0
1707853821661 0.0 0
1707853822108 0.0 0
1707853822559 0.0 0
1707853822998 0.0 0
1707853823437 0.0 0
1707853823911 0.0 0
1707853824364 0.0 0
1707853824801 0.0 0
1707853825269 0.0 0
1707853825700 0.0 0
1707853826171 0.0 0
1707853826593 0.0 0
1707853827046 0.0 0
1707853827503 0.0 0
1707853827939 0.0 0
1707853828368 0.0 0
1707853828798 0.0 0
1707853829257 0.0 0
1707853829715 0.0 0
1707853830158 0.0 0
1707853830590 0.0 0
1707853831014 0.0 0
1707853831465 0.0 0
1707853831923 0.0 0
1707853832367 0.0 0
1707853832856 0.0 0
1707853833293 0.0 0
1707853833733 0.0 0
1707853834185 0.0 0
1707853834614 0.0 0
1707853835124 0.0 0
1707853835601 0.0 0
1707853836095 0.0 0
1707853836553 0.0 0
1707853836983 0.0 0
1707853837405 0.0 0
1707853837817 0.0 0
1707853838261 0.0 0
1707853838694 0.0 0
1707853839127 0.0 0
1707853839574 0.0 0
1707853840017 0.0 0
1707853840445 0.0 0
1707853840887 0.0 0
1707853841336 0.0 0
1707853841776 0.0 0
1707853842234 0.0 0
1707853842712 0.0 0
1707853843185 0.0 0
1707853843622 0.0 0
1707853844075 0.0 0
1707853844536 0.0 0
1707853844990 0.0 0
1707853845439 0.0 0
1707853845881 0.0 0
1707853846313 0.0 0
1707853846738 0.0 0
1707853847170 0.0 0
1707853847612 0.0 0
1707853848070 0.0 0
1707853848503 0.0 0
1707853848963 0.0 0
1707853849416 0.0 0
1707853849854 0.0 0
1707853850290 0.0 0
1707853850757 0.0 0
1707853851192 0.0 0
1707853851630 0.0 0
1707853852070 0.0 0
1707853852696 0.0 0
1707853853165 0.0 0
1707853853614 0.0 0
1707853854091 0.0 0
1707853854612 0.0 0
1707853855078 0.0 0
1707853855522 0.0 0
1707853855976 0.0 0
1707853856413 0.0 0
1707853856870 0.0 0
1707853857338 0.0 0
1707853857792 0.0 0
1707853858256 0.0 0
1707853858710 0.0 0
1707853859175 0.0 0
1707853859642 0.0 0
1707853860112 0.0 0
1707853860561 0.0 0
1707853860991 0.0 0
1707853861449 0.0 0
1707853861930 0.0 0
1707853862398 0.0 0
1707853862846 0.0 0
1707853863286 0.0 0
1707853863733 0.0 0
1707853864171 0.0 0
1707853864630 0.0 0
1707853865074 0.0 0
1707853865538 0.0 0
1707853865968 0.0 0
1707853866419 0.0 0
1707853866903 0.0 0
1707853867354 0.0 0
1707853867814 0.0 0
1707853868266 0.0 0
1707853868707 0.0 0
1707853869169 0.0 0
1707853869598 0.0 0
1707853870041 0.0 0
1707853870471 0.0 0
1707853870931 0.0 0
1707853871403 0.0 0
1707853871840 0.0 0
1707853872275 0.0 0
1707853872716 0.0 0
1707853873154 0.0 0
1707853873606 0.0 0
1707853874058 0.0 0
1707853874519 0.0 0
1707853874981 0.0 0
1707853875437 0.0 0
1707853875875 0.0 0
1707853876350 0.0 0
1707853876790 0.0 0
1707853877237 0.0 0
1707853877697 0.0 0
1707853878141 0.0 0
1707853878586 0.0 0
1707853879069 0.0 0
1707853879521 0.0 0
1707853879970 0.0 0
1707853880398 0.0 0
1707853880840 0.0 0
1707853881276 0.0 0
1707853881725 0.0 0
1707853882197 0.0 0
1707853882630 0.0 0
1707853883103 0.0 0
1707853883543 0.0 0
1707853884016 0.0 0
1707853884454 0.0 0
1707853884915 0.0 0
1707853885366 0.0 0
1707853885808 0.0 0
1707853886251 0.0 0
1707853886720 0.0 0
1707853887175 0.0 0
1707853887624 0.0 0
1707853888053 0.0 0
1707853888500 0.0 0
1707853888935 0.0 0
1707853889357 0.0 0
1707853889787 0.0 0
1707853890237 0.0 0
1707853890685 0.0 0
1707853891143 0.0 0
1707853891570 0.0 0
1707853892011 0.0 0
1707853892471 0.0 0
1707853892936 0.0 0
1707853893366 0.0 0
1707853893805 0.0 0
1707853894247 0.0 0
1707853894708 0.0 0
1707853895174 0.0 0
1707853895608 0.0 0
1707853896057 0.0 0
1707853896511 0.0 0
1707853896995 0.0 0
1707853897452 0.0 0
1707853897910 0.0 0
1707853898344 0.0 0
1707853898790 0.0 0
1707853899254 0.0 0
1707853899704 0.0 0
1707853900157 0.0 0
1707853900592 0.0 0
1707853901240 0.0 0
1707853901685 0.0 0
1707853902139 0.0 0
1707853902581 0.0 0
1707853903024 0.0 0
