1707853758639 1.7399825553099315 0
1707853759183 0.6950775914722018 0
1707853759670 0.6712049146493276 0
1707853760277 0.6549205945597755 0
1707853760853 0.6414074632856581 0
1707853761424 0.6329207883940803 0
1707853762220 0.6272794504960378 0
1707853763066 0.6234635909398397 0
1707853763767 0.6211729778183831 0
1707853764324 0.6200774510701498 0
1707853764882 0.6198415093951755 0
1707853765401 0.619691057337655 0
1707853765901 0.6189789970715841 0
1707853766488 0.6173215508460999 0
1707853767063 0.6147655149300894 0
1707853767578 0.6126984225379096 0
1707853768018 0.6107856896188524 0
1707853768488 0.6055709189838834 0
1707853768937 0.5932551109128528 0
1707853769360 0.568240236904886 0
1707853769770 0.5493172307809194 0
1707853770192 0.5399594604969025 0
1707853770782 0.5358748071723514 0
1707853771235 0.5461373180150986 0
1707853771668 0.5570584138234457 0
1707853772086 0.5398606558640798 0
1707853772548 0.5280590007702509 0
1707853772982 0.5236263755295012 0
1707853773400 0.520530589752727 0
1707853773816 0.5190612276395162 0
1707853774255 0.5186154974831475 0
1707853774674 0.5186104459895028 0
1707853775092 0.5185128218597836 0
1707853775542 0.519330812825097 0
1707853775976 0.520679020219379 0
1707853776399 0.5246670924954944 0
1707853776828 0.5306229905949699 0
1707853777244 0.5316838605536355 0
1707853777681 0.5328576746914122 0
1707853778200 0.5189116845528284 0
1707853778683 0.5499616927570767 0
1707853779130 0.5395015660259459 0
1707853779559 0.5388039847215017 0
1707853779977 0.5287416643566556 0
1707853780429 0.5154363363981247 0
1707853780864 0.5151745345857408 0
1707853781283 0.5074887441264259 0
1707853781708 0.49837814933723873 0
1707853782138 0.49642248617278206 0
1707853782577 0.4945918917655945 0
1707853783026 0.4941619022025002 0
1707853783461 0.4941649917099211 0
1707853783872 0.4943592929177814 0
1707853784295 0.49442916446261936 0
1707853784726 0.4963621298472087 0
1707853785145 0.49974889390998417 0
1707853785576 0.5031263083219528 0
1707853786004 0.5033794956074821 0
1707853786515 0.5179839829603831 0
1707853786943 0.5004958278603024 0
1707853787364 0.515626041425599 0
1707853787835 0.506579824619823 0
1707853788269 0.49962350229422253 0
1707853788703 0.4944624884261025 0
1707853789108 0.494661839471923 0
1707853789539 0.4921138634284337 0
1707853789995 0.4834635804096858 0
1707853790405 0.4734925561481052 0
1707853790843 0.47114071912235683 0
1707853791296 0.4688691049814224 0
1707853791699 0.4682956486940384 0
1707853792127 0.4685420443614324 0
1707853792871 0.6494688187774859 0
1707853793346 0.5969579360987011 0
1707853793816 0.5843299792001122 0
1707853794291 0.5790860948986128 0
1707853794727 0.5788427252126368 0
1707853795171 0.5713774566783717 0
1707853795603 0.5631283697133002 0
1707853796047 0.5574328020018967 0
1707853796491 0.5533000631748062 0
1707853796933 0.5511811691287317 0
1707853797402 0.5507050782049957 0
1707853797867 0.5507003161075869 0
1707853798308 0.5506045186009846 0
1707853798763 0.5505878634652809 0
1707853799210 0.5517189640943941 0
1707853799664 0.5520663543751365 0
1707853800098 0.5505290715710113 0
1707853800545 0.55261658168839 0
1707853800998 0.5474243087596015 0
1707853801447 0.543891937913079 0
1707853801897 0.5725872469575781 0
1707853802447 0.5429604092710897 0
1707853802907 0.5286986794518796 0
1707853803354 0.5389328206840315 0
1707853803788 0.5172546509849397 0
1707853804267 0.5271695413087544 0
1707853804738 0.5019069637515043 0
1707853805380 0.505607184022665 0
1707853805820 0.4906441420316696 0
1707853806389 0.48853318304999876 0
1707853806908 0.4879915457905123 0
1707853807419 0.48812782083098827 0
1707853807959 0.48857616657685293 0
1707853808456 0.489492315504896 0
1707853808926 0.49196892604231834 0
1707853809358 0.49728103540837765 0
1707853809825 0.49806881406785625 0
1707853810312 0.5144709964331827 0
1707853810765 0.5097627066271869 0
1707853811241 0.5292104372852727 0
1707853811801 0.5330478334110108 0
1707853812365 0.5199975669384003 0
1707853812899 0.497295326044734 0
1707853813393 0.49550570714238446 0
1707853813906 0.4998729612776323 0
1707853814389 0.4841134178660516 0
1707853814875 0.4843186579252544 0
1707853815358 0.47351267126903523 0
1707853815850 0.4715476648845269 0
1707853816371 0.46895961380735235 0
1707853816869 0.46832268019696993 0
1707853817316 0.4682533361299552 0
1707853817744 0.4680497863476998 0
1707853818166 0.46918781677040416 0
1707853818604 0.4718667205888778 0
1707853819032 0.47225421732046496 0
1707853819455 0.4751004819071999 0
1707853819874 0.48335619549585607 0
1707853820302 0.48870315315741064 0
1707853820771 0.49154354321868404 0
1707853821212 0.48492400751351133 0
1707853821653 0.4850279705378374 0
1707853822098 0.48289537136320415 0
1707853822550 0.4840891330478419 0
1707853822989 0.4727755460557283 0
1707853823429 0.46326528322319255 0
1707853823902 0.4563644376865245 0
1707853824356 0.4507917098449788 0
1707853824791 0.44675842338351923 0
1707853825235 0.44489511324239794 0
1707853825691 0.4443470848215695 0
1707853826162 0.44455658896568867 0
1707853826585 0.4451844589968555 0
1707853827038 0.44691586842772696 0
1707853827493 0.450880621838702 0
1707853827931 0.4572520401132734 0
1707853828361 0.4787625072119561 0
1707853828789 0.48119843959514247 0
1707853829249 0.4653865776245335 0
1707853829706 0.46885499697619754 0
1707853830151 0.4629010716085567 0
1707853830581 0.47354046479602785 0
1707853831007 0.49127073470797195 0
1707853831454 0.4735247456027489 0
1707853831913 0.48835644410236884 0
1707853832358 0.45825749760689705 0
1707853832846 0.4509300719211368 0
1707853833286 0.446017236179231 0
1707853833724 0.44226181969095607 0
1707853834175 0.44090727681147035 0
1707853834606 0.44047911020338926 0
1707853835114 0.4405390872423978 0
1707853835589 0.4407593035874398 0
1707853836085 0.44111473766449644 0
1707853836545 0.4425174285486144 0
1707853836973 0.445500054752062 0
1707853837395 0.4449403813525446 0
1707853837808 0.44949239426856175 0
1707853838252 0.4520677209059757 0
1707853838684 0.4491681212246859 0
1707853839117 0.44597006425886465 0
1707853839566 0.45372782295300185 0
1707853840008 0.4616414918319175 0
1707853840435 0.45649833616947655 0
1707853840878 0.4431736652868016 0
1707853841328 0.43567459621025545 0
1707853841767 0.4285306069681323 0
1707853842224 0.4185981274410886 0
1707853842701 0.4147387492948359 0
1707853843176 0.41259106089312 0
1707853843613 0.4119066845527605 0
1707853844066 0.41202175151250375 0
1707853844528 0.41227618882150735 0
1707853844982 0.4130146957284428 0
1707853845431 0.4138358424993624 0
1707853845872 0.41491915258321616 0
1707853846305 0.418612397974357 0
1707853846729 0.4188454495896095 0
1707853847161 0.43649337640473324 0
1707853847604 0.43339047715371154 0
1707853848061 0.43323793027268137 0
1707853848495 0.4330228017413327 0
1707853848955 0.4335882186362716 0
1707853849408 0.4377880864914531 0
1707853849844 0.43694462175297205 0
1707853850281 0.41851727464113775 0
1707853850747 0.40606932645804544 0
1707853851183 0.39742918245457604 0
1707853851621 0.3914162457436568 0
1707853852063 0.38854471736244467 0
1707853852686 0.6389553923355905 0
1707853853156 0.6000409738013619 0
1707853853606 0.5901761807893452 0
1707853854083 0.5758764473231215 0
1707853854603 0.567558296809071 0
1707853855070 0.5610515051766446 0
1707853855515 0.5560424688615297 0
1707853855968 0.5528618854127432 0
1707853856402 0.5513577018129198 0
1707853856862 0.5503205639359198 0
1707853857327 0.5530813863795054 0
1707853857784 0.5606976288713907 0
1707853858248 0.5605081762922438 0
1707853858701 0.5580694832299885 0
1707853859165 0.5557376279642707 0
1707853859633 0.5538230726593419 0
1707853860102 0.5491336944856142 0
1707853860553 0.5465996881064615 0
1707853860983 0.5469638273904198 0
1707853861440 0.5264997976390939 0
1707853861921 0.5206300541758537 0
1707853862389 0.5219133525694671 0
1707853862837 0.5177538571389098 0
1707853863277 0.49816679768264294 0
1707853863725 0.4852235226058646 0
1707853864162 0.4777422462050852 0
1707853864621 0.4750810423375745 0
1707853865065 0.4744206497347669 0
1707853865530 0.46680884024030284 0
1707853865959 0.46234230657941416 0
1707853866410 0.46168263629078865 0
1707853866892 0.46183934788170616 0
1707853867345 0.46229690180993394 0
1707853867805 0.4637584341689944 0
1707853868257 0.46501846660516766 0
1707853868697 0.4709417892521934 0
1707853869162 0.47093134927318286 0
1707853869589 0.4714564535962908 0
1707853870032 0.4753139719955231 0
1707853870463 0.47554332988434717 0
1707853870924 0.4862192918203379 0
1707853871394 0.4783613181820041 0
1707853871830 0.4742373366300997 0
1707853872266 0.4711509474406117 0
1707853872706 0.4633122045350702 0
1707853873145 0.4557729406086238 0
1707853873596 0.45126619263503115 0
1707853874050 0.4522932533566889 0
1707853874511 0.44092115416730704 0
1707853874972 0.43485831150687054 0
1707853875428 0.43386556541449145 0
1707853875866 0.43384542742646054 0
1707853876342 0.43377183171871464 0
1707853876782 0.43468652006336733 0
1707853877227 0.43898195133691553 0
1707853877689 0.4610670107465826 0
1707853878132 0.4563089485133165 0
1707853878576 0.45401160938567237 0
1707853879061 0.45589377625698324 0
1707853879508 0.47527305703414113 0
1707853879962 0.5306334653379101 0
1707853880390 0.5132089519971296 0
1707853880831 0.488986165826454 0
1707853881267 0.47128533578085663 0
1707853881717 0.4644433974141353 0
1707853882188 0.4604122423027691 0
1707853882622 0.45903789916222815 0
1707853883094 0.4474244289051153 0
1707853883532 0.4430794375948608 0
1707853884006 0.441433104735456 0
1707853884444 0.4410389866924992 0
1707853884907 0.44120414133526775 0
1707853885357 0.4417149151773437 0
1707853885798 0.4424829180107305 0
1707853886242 0.44453996602494855 0
1707853886709 0.44780641187619613 0
1707853887166 0.44689401974411386 0
1707853887615 0.4469301760270211 0
1707853888044 0.45020840908890886 0
1707853888490 0.4427090204369865 0
1707853888926 0.45016180495976615 0
1707853889348 0.4440910740400125 0
1707853889778 0.43975643878557574 0
1707853890227 0.4353923883509675 0
1707853890676 0.429582523206543 0
1707853891135 0.4244280318410969 0
1707853891562 0.425558541319333 0
1707853892003 0.41701602323078796 0
1707853892462 0.410166118514577 0
1707853892927 0.40869149027735385 0
1707853893357 0.4080062216686967 0
1707853893797 0.4078194409559824 0
1707853894239 0.4085835379817964 0
1707853894698 0.40897814781208963 0
1707853895163 0.4098818442833267 0
1707853895598 0.41373004801693913 0
1707853896050 0.4220046001780582 0
1707853896500 0.4210885693074057 0
1707853896984 0.41929328694057305 0
1707853897444 0.44783380186479343 0
1707853897901 0.4447635540640668 0
1707853898334 0.47788880973147524 0
1707853898780 0.4608437339530179 0
1707853899245 0.4392866471194123 0
1707853899695 0.433552047997517 0
1707853900148 0.4302966459164102 0
1707853900583 0.4289580894094941 0
1707853901232 0.6608701599271674 0
1707853901675 0.6294503902134142 0
1707853902130 0.6125256670148749 0
1707853902572 0.6066945226568925 0
1707853903015 0.5994000215279428 0
