1708188161323 0.6136842105263157 0
1708188162671 0.7177777777777776 0
1708188163505 0.6578947368421052 0
1708188165343 0.6147368421052631 0
1708188165838 0.6147368421052631 0
1708188166345 0.6147368421052631 0
1708188166894 0.6147368421052631 0
1708188168706 0.6263157894736843 0
1708188169188 0.6621052631578946 0
1708188169704 0.7221052631578948 0
1708188170216 0.7221052631578948 0
1708188170813 0.5526315789473685 0
1708188171953 0.7066666666666666 0
1708188172829 0.728421052631579 0
1708188173575 0.6 0
1708188174208 0.6263157894736843 0
1708188174694 0.6884210526315789 0
1708188175648 0.5700000000000001 0
1708188177188 0.6094736842105264 0
1708188177683 0.6094736842105264 0
1708188178289 0.6094736842105264 0
1708188179010 0.723157894736842 0
1708188180048 0.6115789473684211 0
1708188180551 0.6294736842105263 0
1708188181114 0.6536842105263158 0
1708188182046 0.6094736842105263 0
1708188183021 0.7288888888888889 0
1708188183884 0.6305263157894737 0
1708188184515 0.6147368421052631 0
1708188185051 0.6147368421052631 0
1708188186266 0.5947368421052632 0
1708188186755 0.6126315789473684 0
1708188187287 0.6126315789473684 0
1708188188367 0.6684210526315788 0
1708188188904 0.7052631578947368 0
1708188189399 0.7484210526315789 0
1708188189910 0.7421052631578947 0
1708188190634 0.6978947368421052 0
1708188191186 0.7105263157894737 0
1708188191734 0.7284210526315789 0
1708188192256 0.7484210526315789 0
1708188194801 0.7242105263157894 0
1708188195351 0.708421052631579 0
