1708188161339 0.6093771724324477 0
1708188162681 0.5961410403251648 0
1708188163521 0.5805822077550387 0
1708188165352 0.6725713830245169 0
1708188165853 0.6618541918302837 0
1708188166358 0.6557385074464899 0
1708188166911 0.6433335613263281 0
1708188168718 0.6126539064081091 0
1708188169197 0.5918557549777784 0
1708188169719 0.5722066352241918 0
1708188170227 0.5566675114004236 0
1708188170824 0.6383019372036582 0
1708188171964 0.6044838693406847 0
1708188172841 0.5903476711950804 0
1708188173585 0.6380663132785183 0
1708188174225 0.6266602826745886 0
1708188174706 0.5780811090218393 0
1708188175658 0.6100704140133328 0
1708188177196 0.6749296658917477 0
1708188177693 0.672914046990244 0
1708188178304 0.6706592095525641 0
1708188179019 0.6008296405014238 0
1708188180062 0.6089219576434085 0
1708188180565 0.5897416566547594 0
1708188181126 0.5735429760656858 0
1708188182054 0.6679890987120176 0
1708188183033 0.5795820272631116 0
1708188183895 0.6049961353603163 0
1708188184524 0.66159630135486 0
1708188185062 0.6465230584144592 0
1708188186281 0.6779972095238535 0
1708188186766 0.6690134092381126 0
1708188187300 0.6633343257402119 0
1708188188382 0.5973578738538843 0
1708188188916 0.572882393473073 0
1708188189411 0.5549032146993437 0
1708188189921 0.5518150517815038 0
1708188190648 0.5971724014533194 0
1708188191196 0.5799446121642464 0
1708188191768 0.5705059954994603 0
1708188192267 0.5568383492921528 0
1708188194816 0.5926090792605752 0
1708188195365 0.5858761479980067 0
