1708188161331 0.0 0
1708188162677 0.0 0
1708188163516 0.0 0
1708188165348 0.0 0
1708188165847 0.0 0
1708188166353 0.0 0
1708188166902 0.0 0
1708188168713 0.0 0
1708188169194 0.0 0
1708188169713 0.0 0
1708188170222 0.0 0
1708188170821 0.0 0
1708188171960 0.0 0
1708188172835 0.0 0
1708188173581 0.0 0
1708188174218 0.0 0
1708188174700 0.0 0
1708188175654 0.0 0
1708188177193 0.0 0
1708188177689 0.0 0
1708188178299 0.0 0
1708188179014 0.0 0
1708188180057 0.0 0
1708188180561 0.0 0
1708188181121 0.0 0
1708188182051 0.0 0
1708188183029 0.0 0
1708188183890 0.0 0
1708188184521 0.0 0
1708188185058 0.0 0
1708188186275 0.0 0
1708188186762 0.0 0
1708188187294 0.0 0
1708188188375 0.0 0
1708188188911 0.0 0
1708188189406 0.0 0
1708188189916 0.0 0
1708188190643 0.0 0
1708188191192 0.0 0
1708188191759 0.0 0
1708188192263 0.0 0
1708188194809 0.0 0
1708188195359 0.0 0
