1708188161318 0.6093771724324477 0
1708188162667 0.5961410403251648 0
1708188163502 0.5805822077550387 0
1708188165339 0.6725713830245169 0
1708188165834 0.6618541918302837 0
1708188166341 0.6557385074464899 0
1708188166889 0.6433335613263281 0
1708188168702 0.6126539064081091 0
1708188169184 0.5918557549777784 0
1708188169701 0.5722066352241918 0
1708188170213 0.5566675114004236 0
1708188170810 0.6383019372036582 0
1708188171948 0.6044838693406847 0
1708188172826 0.5903476711950804 0
1708188173572 0.6380663132785183 0
1708188174204 0.6266602826745886 0
1708188174691 0.5780811090218393 0
1708188175645 0.6100704140133328 0
1708188177184 0.6749296658917477 0
1708188177680 0.672914046990244 0
1708188178285 0.6706592095525641 0
1708188179006 0.6008296405014238 0
1708188180044 0.6089219576434085 0
1708188180547 0.5897416566547594 0
1708188181111 0.5735429760656858 0
1708188182043 0.6679890987120176 0
1708188183018 0.5795820272631116 0
1708188183881 0.6049961353603163 0
1708188184512 0.66159630135486 0
1708188185047 0.6465230584144592 0
1708188186262 0.6779972095238535 0
1708188186752 0.6690134092381126 0
1708188187283 0.6633343257402119 0
1708188188364 0.5973578738538843 0
1708188188901 0.572882393473073 0
1708188189396 0.5549032146993437 0
1708188189901 0.5518150517815038 0
1708188190631 0.5971724014533194 0
1708188191182 0.5799446121642464 0
1708188191730 0.5705059954994603 0
1708188192253 0.5568383492921528 0
1708188194798 0.5926090792605752 0
1708188195348 0.5858761479980067 0
