1708189457674 0.6136842105263157 0
1708189458797 0.7177777777777776 0
1708189459480 0.6578947368421052 0
1708189460819 0.6147368421052631 0
1708189461266 0.6147368421052631 0
1708189461708 0.6147368421052631 0
1708189462148 0.6147368421052631 0
1708189463470 0.6263157894736843 0
1708189463956 0.6621052631578946 0
1708189464421 0.7221052631578948 0
1708189464924 0.7221052631578948 0
1708189465497 0.5526315789473685 0
1708189466416 0.7066666666666666 0
1708189467207 0.728421052631579 0
1708189467840 0.6 0
1708189468391 0.6263157894736843 0
1708189468837 0.6884210526315789 0
1708189469628 0.5700000000000001 0
1708189470837 0.6094736842105264 0
1708189471328 0.6094736842105264 0
1708189471768 0.6094736842105264 0
1708189472347 0.723157894736842 0
1708189473223 0.6557894736842105 0
1708189473972 0.6094736842105263 0
1708189474805 0.7288888888888889 0
1708189475517 0.6305263157894737 0
1708189476053 0.6147368421052631 0
1708189476512 0.6147368421052631 0
1708189477878 0.7347368421052631 0
1708189478343 0.7336842105263157 0
