1708189457697 0.609377174000991 0
1708189458808 0.5961410303910574 0
1708189459489 0.5805821999123222 0
1708189460829 0.6725713987099496 0
1708189461276 0.6618541981044569 0
1708189461719 0.6557384901925137 0
1708189462160 0.6433335699533161 0
1708189463482 0.612653911113739 0
1708189463964 0.5918557549777784 0
1708189464430 0.572206625812932 0
1708189464932 0.5566675051262504 0
1708189465507 0.6383019560261777 0
1708189466427 0.604483875963423 0
1708189467218 0.5903476774692535 0
1708189467852 0.6380663258146102 0
1708189468401 0.6266602842431319 0
1708189468846 0.5780811090218393 0
1708189469640 0.6100704173247019 0
1708189470848 0.6749296721659208 0
1708189471337 0.6729140814981962 0
1708189471778 0.6706592503346895 0
1708189472356 0.6008296436385104 0
1708189473234 0.5956422717947709 0
1708189473984 0.6679890845951281 0
1708189474817 0.5795820239517424 0
1708189475527 0.604996140065946 0
1708189476063 0.6615962825323406 0
1708189476524 0.6465230427290264 0
1708189477890 0.5860151993600946 0
1708189478353 0.5675966535743914 0
