1708189457687 0.0 0
1708189458803 0.0 0
1708189459486 0.0 0
1708189460825 0.0 0
1708189461271 0.0 0
1708189461715 0.0 0
1708189462155 0.0 0
1708189463477 0.0 0
1708189463961 0.0 0
1708189464426 0.0 0
1708189464929 0.0 0
1708189465503 0.0 0
1708189466422 0.0 0
1708189467214 0.0 0
1708189467847 0.0 0
1708189468397 0.0 0
1708189468843 0.0 0
1708189469636 0.0 0
1708189470844 0.0 0
1708189471334 0.0 0
1708189471773 0.0 0
1708189472352 0.0 0
1708189473231 0.0 0
1708189473979 0.0 0
1708189474812 0.0 0
1708189475523 0.0 0
1708189476059 0.0 0
1708189476519 0.0 0
1708189477885 0.0 0
1708189478350 0.0 0
