1708189457670 0.609377174000991 0
1708189458794 0.5961410303910574 0
1708189459477 0.5805821999123222 0
1708189460815 0.6725713987099496 0
1708189461263 0.6618541981044569 0
1708189461705 0.6557384901925137 0
1708189462145 0.6433335699533161 0
1708189463467 0.612653911113739 0
1708189463953 0.5918557549777784 0
1708189464417 0.572206625812932 0
1708189464921 0.5566675051262504 0
1708189465494 0.6383019560261777 0
1708189466412 0.604483875963423 0
1708189467204 0.5903476774692535 0
1708189467836 0.6380663258146102 0
1708189468389 0.6266602842431319 0
1708189468833 0.5780811090218393 0
1708189469625 0.6100704173247019 0
1708189470833 0.6749296721659208 0
1708189471324 0.6729140814981962 0
1708189471764 0.6706592503346895 0
1708189472344 0.6008296436385104 0
1708189473220 0.5956422717947709 0
1708189473970 0.6679890845951281 0
1708189474801 0.5795820239517424 0
1708189475514 0.604996140065946 0
1708189476050 0.6615962825323406 0
1708189476508 0.6465230427290264 0
1708189477874 0.5860151993600946 0
1708189478341 0.5675966535743914 0
