1708189220688 0.6136842105263157 0
1708189221876 0.7177777777777776 0
1708189222766 0.6578947368421052 0
1708189224388 0.6147368421052631 0
1708189224903 0.6147368421052631 0
1708189225399 0.6147368421052631 0
1708189225857 0.6147368421052631 0
1708189227511 0.6263157894736843 0
1708189228030 0.6621052631578946 0
1708189228543 0.7210526315789474 0
1708189229058 0.7178947368421053 0
1708189229634 0.5526315789473685 0
1708189230675 0.7066666666666666 0
1708189231518 0.728421052631579 0
1708189232205 0.6 0
