1708189220704 0.6093771802751642 0
1708189221887 0.5961410403251648 0
1708189222775 0.5805821912853342 0
1708189224398 0.6725713955728632 0
1708189224912 0.6618541949673703 0
1708189225410 0.6557384854868838 0
1708189225867 0.6433335581892415 0
1708189227523 0.6126539377789748 0
1708189228045 0.5918578254549127 0
1708189228555 0.5723679614694495 0
1708189229067 0.5590097174832696 0
1708189229645 0.6383019372036582 0
1708189230688 0.6044838726520538 0
1708189231532 0.5903476790377968 0
1708189232215 0.6380663383629566 0
