1708189220684 0.6093771802751642 0
1708189221873 0.5961410403251648 0
1708189222762 0.5805821912853342 0
1708189224385 0.6725713955728632 0
1708189224901 0.6618541949673703 0
1708189225395 0.6557384854868838 0
1708189225854 0.6433335581892415 0
1708189227507 0.6126539377789748 0
1708189228025 0.5918578254549127 0
1708189228539 0.5723679614694495 0
1708189229055 0.5590097174832696 0
1708189229631 0.6383019372036582 0
1708189230671 0.6044838726520538 0
1708189231514 0.5903476790377968 0
1708189232202 0.6380663383629566 0
