1708191053887 0.6136842105263157 0
1708191054939 0.7177777777777776 0
1708191055663 0.6578947368421052 0
1708191057008 0.6147368421052631 0
1708191057448 0.6147368421052631 0
1708191057885 0.6147368421052631 0
1708191058332 0.6147368421052631 0
1708191059667 0.6263157894736843 0
1708191060100 0.6621052631578946 0
1708191060542 0.7210526315789474 0
1708191061034 0.7178947368421053 0
1708191061656 0.5526315789473685 0
1708191062538 0.7066666666666666 0
1708191063232 0.728421052631579 0
1708191063866 0.6 0
1708191064423 0.6263157894736843 0
1708191064874 0.6884210526315789 0
1708191065717 0.5700000000000001 0
1708191066906 0.6094736842105264 0
1708191067355 0.6094736842105264 0
1708191067799 0.6094736842105264 0
1708191068332 0.723157894736842 0
1708191069215 0.6557894736842105 0
1708191069957 0.6094736842105263 0
1708191070811 0.7288888888888889 0
1708191071526 0.6305263157894737 0
1708191072090 0.6147368421052631 0
1708191072562 0.6147368421052631 0
