1708191053903 0.6093771834122507 0
1708191054948 0.5961410403251648 0
1708191055672 0.5805821810898028 0
1708191057019 0.6725713830245169 0
1708191057457 0.6618541902617404 0
1708191057895 0.6557384980352301 0
1708191058345 0.6433336852412475 0
1708191059678 0.612653933073345 0
1708191060111 0.5918578285919992 0
1708191060551 0.5723680147999212 0
1708191061047 0.5590095731772875 0
1708191061667 0.6383019591632643 0
1708191062547 0.6044838627179464 0
1708191063241 0.5903476774692535 0
1708191063875 0.6380663383629566 0
1708191064433 0.6266602952229349 0
1708191064886 0.5780811309814453 0
1708191065726 0.6100704305701785 0
1708191066920 0.6749296596175746 0
1708191067365 0.6729150100758201 0
1708191067808 0.6707171013480738 0
1708191068350 0.6008296499126836 0
1708191069225 0.595659066187708 0
1708191069969 0.6680138456194025 0
1708191070821 0.5795820189846886 0
1708191071537 0.6049961228119699 0
1708191072103 0.6615962825323406 0
1708191072572 0.646523052140286 0
