1708191053895 0.0 0
1708191054944 0.0 0
1708191055668 0.0 0
1708191057015 0.0 0
1708191057453 0.0 0
1708191057890 0.0 0
1708191058340 0.0 0
1708191059673 0.0 0
1708191060106 0.0 0
1708191060547 0.0 0
1708191061041 0.0 0
1708191061662 0.0 0
1708191062544 0.0 0
1708191063237 0.0 0
1708191063872 0.0 0
1708191064429 0.0 0
1708191064880 0.0 0
1708191065723 0.0 0
1708191066914 0.0 0
1708191067360 0.0 0
1708191067804 0.0 0
1708191068345 0.0 0
1708191069221 0.0 0
1708191069965 0.0 0
1708191070817 0.0 0
1708191071532 0.0 0
1708191072097 0.0 0
1708191072568 0.0 0
