1708191053883 0.6093771834122507 0
1708191054936 0.5961410403251648 0
1708191055659 0.5805821810898028 0
1708191057004 0.6725713830245169 0
1708191057445 0.6618541902617404 0
1708191057881 0.6557384980352301 0
1708191058329 0.6433336852412475 0
1708191059664 0.612653933073345 0
1708191060096 0.5918578285919992 0
1708191060539 0.5723680147999212 0
1708191061031 0.5590095731772875 0
1708191061653 0.6383019591632643 0
1708191062535 0.6044838627179464 0
1708191063229 0.5903476774692535 0
1708191063862 0.6380663383629566 0
1708191064420 0.6266602952229349 0
1708191064871 0.5780811309814453 0
1708191065714 0.6100704305701785 0
1708191066903 0.6749296596175746 0
1708191067352 0.6729150100758201 0
1708191067795 0.6707171013480738 0
1708191068332 0.6008296499126836 0
1708191069211 0.595659066187708 0
1708191069954 0.6680138456194025 0
1708191070808 0.5795820189846886 0
1708191071523 0.6049961228119699 0
1708191072087 0.6615962825323406 0
1708191072558 0.646523052140286 0
